-1.000000 1.000000 0.350301
-1.000000 -1.000000 0.350301
1.000000 1.000000 0.074808
1.000000 -1.000000 0.074808
0.000000 1.000000 0.000000
-1.000000 0.000000 0.141856
0.000000 -1.000000 0.000000
1.000000 0.000000 0.000000
0.000000 0.000000 -0.154756
-0.500000 1.000000 0.103861
-1.000000 -0.500000 0.207723
0.500000 -1.000000 0.000000
1.000000 0.500000 0.000000
0.500000 1.000000 0.000000
-1.000000 0.500000 0.207723
-0.500000 -1.000000 0.103861
1.000000 -0.500000 0.000000
0.500000 0.000000 -0.083491
-0.500000 0.000000 -0.013381
0.000000 0.500000 -0.083491
0.000000 -0.500000 -0.083491
-0.500000 -0.500000 0.062761
-0.500000 0.500000 0.062761
0.500000 0.500000 -0.040588
0.500000 -0.500000 -0.040588
