340801.31 6837622.98 830.20
340842.53 6837615.67 810.07
340847.24 6837610.49 829.49
340865.12 6837607.46 808.48
340887.01 6837605.53 800.06
340895.29 6837601.90 812.39
341015.84 6837600.12 768.54
340812.59 6837620.92 825.81
340830.31 6837613.13 820.72
340850.64 6837611.12 807.05
340881.09 6837613.56 805.57
340884.05 6837600.16 804.85
340933.72 6837607.42 784.28
340958.69 6837607.08 778.69
341004.53 6838097.77 633.70
341018.88 6838068.62 657.46
341019.02 6838105.71 616.92
341011.53 6838120.71 607.56
340981.77 6838137.26 620.68
340986.97 6838150.19 624.08
341014.13 6838160.90 618.50
340974.93 6838166.53 628.56
340985.22 6838175.73 628.13
340991.55 6838184.42 634.52
341004.68 6838192.79 634.00
340981.90 6838198.37 639.44
341141.75 6838087.22 589.90
341031.92 6838096.71 620.78
341042.40 6838089.75 620.84
341058.12 6838084.43 618.27
341089.62 6838079.71 610.24
341039.28 6838071.79 650.29
341122.02 6838072.45 606.07
341101.30 6838066.81 614.31
341127.93 6838064.55 609.55
341134.67 6838061.37 603.92
341086.44 6838054.00 635.22
341039.27 6838046.71 659.43
341087.35 6838045.65 633.39
341101.00 6838042.09 625.44
341136.37 6838039.18 612.79
341043.20 6838029.08 668.27
341129.25 6838030.19 627.39
341034.59 6838019.01 668.52
341098.87 6838019.16 649.07
341075.63 6838012.35 658.98
341084.15 6838008.79 647.71
341078.88 6838003.80 652.38
341106.27 6837999.08 655.71
341080.33 6838146.23 588.43
341131.75 6838143.58 576.69
341066.44 6838134.54 597.34
341048.44 6838129.36 592.62
341143.31 6838128.89 575.39
341133.40 6838122.24 577.48
341085.54 6838110.98 595.72
341144.57 6838102.51 586.38
341128.20 6838155.51 575.27
341142.89 6838160.45 572.10
341078.80 6838161.01 584.54
341075.61 6838165.54 580.91
341145.82 6838174.19 571.57
341120.75 6838176.80 575.38
341149.51 6838183.42 577.31
341059.04 6838182.58 583.94
341074.23 6838188.50 584.71
341110.09 6838195.54 591.67
341040.53 6838190.77 604.43
341069.58 6838105.60 603.44
341075.53 6838113.86 607.32
340997.70 6838103.78 628.46
341012.37 6838082.93 645.49
341009.28 6838138.24 595.58
341016.69 6838120.31 606.09
341008.87 6838132.00 613.27
340991.26 6838143.16 604.62
340995.45 6838155.01 614.82
340992.68 6838163.93 629.94
341013.90 6838185.90 615.12
341017.72 6838195.21 619.41
340979.91 6838183.90 633.10
341101.90 6838096.66 597.19
341134.28 6838085.12 592.90
341046.07 6838099.81 612.72
341054.28 6838091.41 615.49
341071.49 6838092.65 607.93
341053.21 6838074.09 626.57
341056.01 6838069.03 639.11
341101.92 6838090.84 607.56
341060.22 6838060.72 642.14
341039.91 6838043.15 656.23
341055.12 6838047.23 652.91
341103.21 6838071.60 608.91
341050.59 6838034.82 654.93
341120.85 6838072.34 606.82
341059.12 6838031.20 656.90
341049.21 6838020.49 660.55
341068.31 6838027.01 647.03
341098.11 6838039.56 627.95
341124.08 6838051.72 612.18
341091.77 6838028.49 636.44
341119.87 6838039.49 619.63
341091.12 6838017.27 651.33
341083.92 6838006.35 648.85
341133.10 6838027.17 617.99
341104.70 6838001.51 644.89
341125.56 6837995.65 632.15
341131.54 6838115.62 582.93
341130.12 6838126.98 577.69
341103.22 6838119.14 593.93
341141.61 6838150.49 581.84
341129.12 6838148.65 579.56
341088.47 6838132.06 584.50
341095.67 6838142.16 582.05
341081.32 6838140.88 584.12
341077.54 6838143.48 584.92
341124.07 6838176.71 576.82
341050.59 6838137.73 589.92
341126.76 6838189.08 583.00
341037.04 6838140.91 592.09
341032.83 6838145.43 588.68
341084.72 6838183.59 590.49
341057.93 6838176.34 595.86
341060.60 6838188.71 592.66
341031.71 6838195.07 613.52
341038.53 6838138.95 607.36
341038.43 6838106.00 613.14
341092.50 6838109.62 602.85
340964.97 6838162.53 633.82
340969.78 6838151.54 636.82
340978.40 6838142.40 622.71
340955.43 6838132.76 635.26
340919.60 6838122.79 635.14
340928.20 6838116.26 631.41
340918.76 6838110.63 639.30
340968.76 6838105.98 640.53
340948.14 6838091.13 647.38
340973.50 6838183.16 642.10
340823.93 6838046.61 734.32
340826.39 6838036.82 749.37
340831.95 6838028.28 749.02
340904.94 6838043.40 730.10
340951.41 6838040.81 702.88
340944.64 6838037.24 708.03
340956.68 6838017.89 715.09
340875.09 6838018.74 754.08
340846.19 6838021.80 754.51
340941.40 6838029.09 715.72
340930.90 6838032.27 702.40
340806.33 6838180.59 766.39
340824.40 6838172.29 760.14
340824.14 6838163.92 764.07
340821.78 6838154.52 775.71
340822.23 6838145.88 766.88
340846.39 6838136.88 699.84
340833.01 6838125.74 734.87
340838.44 6838115.22 687.56
340819.27 6838104.59 741.72
340811.64 6838093.91 737.04
340813.88 6838084.76 721.13
340820.18 6838074.73 714.06
340835.59 6838064.77 707.20
340821.95 6838053.47 725.62
340892.41 6838173.62 700.86
340947.13 6838170.93 659.95
340903.41 6838164.04 680.47
340885.17 6838159.08 700.86
340933.90 6838156.43 657.30
340895.15 6838149.02 666.70
340903.36 6838143.74 665.32
340856.19 6838135.38 690.77
340867.52 6838129.13 685.10
340872.93 6838121.68 664.81
340894.05 6838115.50 655.94
340893.87 6838104.42 650.01
340948.06 6838101.44 649.10
340952.92 6838097.63 654.95
340891.47 6838090.26 660.48
340931.57 6838088.57 662.41
340887.83 6838083.56 685.55
340969.98 6838084.31 661.78
340929.44 6838079.20 673.48
340882.62 6838073.79 693.51
340956.15 6838074.19 674.92
340927.52 6838069.40 687.44
340862.99 6838063.67 705.25
340947.95 6838064.50 680.67
340934.24 6838060.22 688.33
340888.58 6838054.44 719.30
340886.35 6838051.13 714.65
340941.41 6838049.35 687.10
340954.87 6838044.54 700.83
340825.44 6838183.02 768.94
340842.76 6838190.53 753.67
340839.25 6838197.51 768.01
340940.35 6838179.50 673.50
340867.49 6838180.23 722.57
340878.10 6838185.41 714.83
340913.01 6838191.76 693.64
340917.85 6838196.91 693.58
340803.44 6838195.88 786.38
341093.63 6838024.04 637.77
341130.62 6838006.36 627.35
341118.76 6838024.37 627.95
341062.93 6838165.98 582.40
341052.63 6838159.44 589.62
340992.93 6838152.53 619.35
341026.65 6838149.97 605.73
341089.49 6838148.66 588.64
341048.76 6838142.52 590.53
341073.80 6838138.93 593.84
341099.14 6838134.40 581.84
341093.68 6838129.92 585.12
341089.59 6838125.48 591.34
341085.27 6838045.03 630.62
341062.75 6838053.44 643.74
341057.89 6838061.32 633.08
341079.96 6838069.88 617.94
341012.19 6838072.87 643.66
341005.28 6838077.73 645.13
341105.40 6838087.24 609.99
341043.10 6838089.23 621.17
340990.80 6838091.00 643.65
341009.93 6838096.24 627.50
341075.84 6838103.53 601.70
341079.91 6838107.72 601.03
340994.21 6838107.82 620.34
341024.18 6838112.94 613.64
340981.97 6838114.98 632.07
341009.06 6838120.19 608.76
341136.23 6838147.79 585.35
341135.98 6838131.64 576.74
341142.36 6838043.77 615.05
341139.95 6838060.48 611.31
341142.51 6838075.72 594.84
341125.45 6838091.68 603.68
341143.62 6838112.13 580.14
341074.66 6838165.37 586.57
341074.24 6838172.74 586.48
341049.04 6838176.34 594.40
341009.80 6838178.79 613.11
341091.24 6838186.93 586.39
341069.63 6838189.23 585.08
341099.67 6838194.59 580.17
340993.99 6838194.28 630.21
341151.23 6838167.35 577.73
341150.43 6838184.89 566.66
341014.52 6838074.54 654.78
340987.07 6838061.27 662.99
341054.05 6838057.01 650.75
340993.28 6838046.11 669.35
340997.75 6838040.10 673.54
341040.02 6838036.67 656.39
340991.06 6838028.71 684.98
341028.42 6838024.15 677.34
341029.78 6838019.03 671.58
341071.51 6838015.61 650.64
341018.26 6838009.63 697.77
341065.04 6838004.50 660.21
340922.93 6838142.01 646.88
340971.89 6838162.46 643.35
340900.60 6838115.41 641.56
340974.90 6838151.08 627.59
340959.08 6838136.01 636.48
340981.22 6838140.22 628.68
340966.15 6838121.33 624.03
340946.96 6838098.66 647.25
340967.58 6838100.77 632.26
340986.61 6838191.06 633.54
340822.74 6838048.49 747.31
340814.62 6838031.47 740.93
340836.18 6838027.91 754.99
340849.18 6838025.27 747.97
340881.73 6838032.44 743.63
340898.98 6838032.59 740.77
340934.12 6838042.19 700.73
340933.04 6838031.04 708.06
340952.09 6838033.03 716.53
340957.23 6838022.61 723.01
340866.39 6838045.36 722.76
340805.32 6838164.55 772.09
340806.84 6838155.00 775.18
340851.68 6838172.26 721.98
340809.18 6838139.24 763.85
340803.73 6838128.45 766.16
340802.24 6838118.27 763.31
340840.60 6838131.08 698.28
340814.34 6838106.27 751.99
340847.47 6838116.01 668.06
340812.48 6838086.57 716.61
340823.60 6838082.20 699.99
340846.63 6838084.14 691.02
340834.15 6838064.47 707.89
340861.31 6838177.16 722.29
340882.29 6838172.24 697.51
340900.82 6838173.39 683.65
340891.17 6838160.42 682.60
340851.74 6838131.95 701.11
340863.66 6838133.59 681.00
340923.53 6838163.05 658.72
340883.53 6838135.88 665.02
340941.02 6838163.70 661.86
340893.40 6838131.74 656.02
340957.77 6838163.37 653.90
340850.23 6838095.20 679.36
340885.48 6838106.65 656.41
340866.88 6838087.66 682.14
340906.48 6838102.12 652.80
340867.77 6838073.55 687.20
340892.57 6838081.76 668.41
340869.17 6838063.02 692.92
340879.92 6838064.29 707.37
340901.83 6838071.36 697.54
340891.72 6838056.97 714.13
340957.42 6838087.76 659.06
340896.08 6838047.58 728.34
340952.21 6838072.27 678.62
340943.16 6838059.96 698.24
340959.69 6838061.72 664.74
340959.82 6838051.47 678.52
340938.49 6838088.07 662.00
340834.08 6838181.28 751.04
340818.38 6838183.78 773.20
340814.69 6838196.72 773.75
340934.02 6838177.95 662.78
340946.46 6838196.61 658.24
340907.96 6838185.82 699.80
340884.77 6838183.13 713.35
340866.05 6838184.80 731.66
340818.98 6838182.90 779.87
341088.79 6838026.55 641.48
341110.25 6837999.43 646.62
341123.76 6838025.55 622.94
341018.13 6838167.90 608.09
341009.50 6838151.48 614.65
341032.77 6838156.85 589.37
341054.68 6838160.92 588.86
341044.44 6838148.23 591.66
341053.95 6838147.23 601.26
341060.70 6838145.27 587.90
341079.15 6838150.72 584.72
341028.28 6838116.96 605.77
341019.81 6838108.39 621.49
341010.92 6838099.02 625.41
341102.89 6838147.09 582.22
341015.73 6838093.02 628.43
341104.16 6838049.84 627.01
341095.49 6838060.30 618.49
341066.84 6838055.06 642.60
341103.72 6838085.44 604.16
341103.26 6838094.15 604.97
341049.82 6838070.42 630.45
341108.44 6838112.20 598.74
341027.41 6838073.71 644.92
341059.67 6838098.08 610.19
341114.34 6838134.42 579.54
341071.37 6838115.82 607.26
341034.16 6838099.06 617.34
341132.81 6838042.39 612.93
341140.27 6838064.65 601.41
341132.65 6838076.42 612.56
341124.96 6838089.93 595.93
341116.80 6838104.05 603.56
341125.04 6838126.27 578.87
341137.04 6838150.62 584.41
341115.17 6838176.76 582.05
341106.53 6838188.48 582.58
341090.91 6838190.49 597.29
341051.33 6838177.42 600.96
341023.42 6838174.14 620.00
341023.67 6838183.37 630.28
341016.32 6838189.15 608.92
340995.19 6838189.57 620.33
341138.74 6838170.91 573.34
341123.00 6838180.20 573.48
340999.80 6838073.34 658.37
341017.95 6838069.66 654.29
340988.41 6838041.63 674.57
340977.08 6838026.11 692.78
340995.76 6838027.78 683.80
340987.62 6838015.94 701.47
341045.75 6838041.76 664.34
341053.32 6838037.55 654.87
341066.93 6838035.99 654.39
341054.06 6838017.62 659.53
341077.53 6838015.35 661.82
341202.90 6838096.18 565.18
341258.82 6838092.87 552.94
341232.35 6838085.31 562.21
341182.61 6838078.13 580.65
341187.79 6838073.78 580.79
341263.72 6838074.59 566.28
341241.07 6838068.67 565.35
341211.44 6838061.80 578.29
341238.51 6838059.48 580.87
341261.98 6838055.90 569.77
341207.33 6838047.36 588.13
341183.29 6838040.21 595.06
341185.24 6838034.85 596.89
341193.62 6838030.50 597.09
341264.95 6838029.64 575.15
341230.83 6838020.55 587.58
341246.81 6838013.60 587.80
341268.22 6838007.51 582.00
341258.21 6837999.05 585.08
341247.94 6837989.27 588.49
341289.67 6838087.25 553.85
341321.91 6838077.96 549.34
341299.73 6838066.97 551.22
341290.91 6838058.51 553.59
341297.69 6838051.96 568.24
341284.18 6838042.53 563.59
341300.01 6838034.76 560.69
341326.14 6838026.14 557.40
341300.77 6838014.95 569.89
341308.80 6838005.64 569.28
341325.77 6837996.84 566.09
341324.57 6837987.78 568.15
341149.19 6838062.21 608.92
341140.40 6838009.80 621.75
341154.72 6838040.27 607.04
341174.07 6838027.28 616.34
341187.90 6838018.98 601.72
341193.29 6838011.26 603.44
341185.58 6838002.72 607.54
341198.88 6837997.17 613.86
341205.66 6837988.71 616.32
341160.52 6838151.44 576.64
341176.95 6838147.64 564.89
341191.79 6838144.32 564.59
341196.50 6838140.21 568.57
341251.28 6838138.77 558.84
341200.17 6838131.36 562.69
341200.76 6838126.91 559.26
341230.66 6838123.77 563.64
341259.36 6838120.81 561.21
341252.00 6838115.98 556.96
341210.02 6838108.86 558.73
341275.26 6838108.08 558.30
341218.56 6838099.06 568.43
341252.15 6838158.17 561.65
341281.30 6838164.11 585.12
341171.09 6838161.47 566.52
341196.87 6838166.62 563.42
341271.64 6838175.73 581.91
341206.14 6838174.07 567.14
341225.56 6838180.34 572.63
341193.01 6838186.92 573.62
341294.72 6838154.92 568.80
341345.21 6838150.21 579.07
341328.17 6838141.45 569.34
341333.25 6838133.47 573.22
341301.90 6838122.59 568.09
341324.51 6838115.34 566.02
341292.55 6838106.33 553.69
341329.06 6838090.88 553.72
341333.23 6838163.85 584.44
341353.95 6838174.18 594.63
341334.45 6838168.92 607.00
341152.27 6838077.41 590.88
341180.79 6838083.87 578.89
341162.17 6838062.85 593.30
341224.66 6838090.79 561.01
341170.02 6838049.98 597.50
341184.40 6838051.98 592.51
341211.32 6838061.48 578.56
341210.45 6838053.21 593.07
341270.28 6838082.58 558.67
341199.11 6838034.61 594.12
341225.42 6838044.44 583.99
341268.75 6838064.41 573.70
341213.71 6838026.58 590.66
341245.15 6838038.08 579.29
341221.76 6838017.77 589.63
341258.27 6838032.66 574.93
341244.34 6838016.63 590.21
341227.90 6837997.96 592.36
341272.84 6838014.59 577.26
341278.78 6838004.42 580.32
341285.75 6838079.59 552.98
341302.36 6838071.39 551.31
341290.82 6838053.36 569.57
341339.16 6838073.91 552.12
341327.93 6838058.45 549.10
341293.12 6838028.94 566.69
341308.79 6838029.28 560.04
341341.01 6838037.70 574.30
341331.63 6838022.03 557.54
341288.20 6837986.08 583.74
341297.07 6837980.28 580.46
341332.18 6837982.04 572.33
341146.57 6838020.09 617.52
341162.22 6838041.65 608.77
341159.80 6838022.79 621.31
341187.03 6838025.85 610.24
341196.08 6838020.65 602.87
341169.65 6837995.07 613.66
341190.61 6837991.80 608.10
341154.91 6838137.75 576.39
341258.07 6838104.81 560.79
341272.64 6838097.07 553.51
341271.09 6838126.97 566.17
341241.19 6838117.08 566.19
341251.59 6838129.20 562.55
341232.38 6838122.99 563.90
341236.29 6838130.88 564.56
341217.74 6838124.87 564.68
341279.46 6838166.00 569.87
341213.89 6838131.23 560.17
341235.53 6838147.92 564.32
341213.07 6838139.13 562.33
341246.71 6838164.63 575.45
341178.94 6838129.43 571.04
341250.10 6838176.91 579.06
341176.42 6838137.31 563.09
341175.70 6838144.14 564.49
341179.28 6838153.83 564.23
341205.82 6838177.95 567.03
341188.76 6838178.94 565.05
341174.05 6838190.79 573.48
341313.80 6838167.97 582.05
341301.26 6838149.19 571.57
341354.58 6838167.68 591.58
341330.51 6838144.87 576.75
341339.99 6838141.42 572.04
341346.21 6838136.61 582.69
341341.53 6838126.82 564.70
341344.73 6838119.37 561.70
341338.22 6838102.45 554.99
341311.31 6838170.42 603.17
341196.19 6837991.68 606.93
341162.08 6837995.84 637.24
341151.83 6838002.04 617.59
341197.18 6838009.66 602.55
341195.26 6838016.63 612.88
341196.85 6838022.69 611.54
341165.21 6838152.43 573.43
341179.69 6838145.97 563.59
341185.71 6838139.11 566.66
341220.44 6838134.31 563.89
341189.33 6838028.87 601.61
341184.63 6838035.38 601.07
341191.10 6838042.07 593.99
341194.83 6838048.71 590.75
341182.39 6838054.63 591.52
341203.13 6838063.91 579.70
341214.64 6838072.48 572.48
341185.66 6838078.04 583.25
341178.33 6838085.85 582.15
341228.88 6838094.89 566.89
341175.63 6838099.57 577.57
341240.02 6838109.36 555.98
341159.76 6838110.98 573.94
341191.69 6838118.77 560.44
341237.64 6838127.99 567.95
341313.45 6837982.34 573.11
341332.35 6837991.16 567.39
341281.64 6837996.83 583.27
341336.09 6838006.20 562.49
341331.10 6838013.40 566.97
341248.39 6838151.62 560.18
341309.65 6838144.13 566.73
341342.12 6838140.01 592.65
341262.18 6838130.45 558.71
341321.63 6838127.96 565.12
341246.59 6838118.04 558.82
341339.00 6838117.27 567.93
341348.83 6838112.72 559.92
341304.18 6838105.66 555.01
341326.38 6838101.45 547.84
341342.77 6838096.05 559.93
341267.14 6838085.91 553.00
341273.39 6838081.00 562.53
341276.34 6838074.00 565.84
341242.75 6838067.32 572.46
341287.48 6838062.47 558.53
341328.26 6838058.61 549.08
341298.88 6838051.57 564.64
341289.75 6838046.03 559.24
341257.55 6838038.30 573.81
341285.49 6838022.67 572.45
341258.40 6838029.12 576.17
341245.10 6838155.73 560.26
341234.98 6838164.37 573.18
341223.86 6838171.64 565.74
341222.28 6838176.73 567.07
341179.91 6838182.81 568.54
341314.02 6838150.85 586.32
341298.59 6838155.62 579.50
341264.48 6838158.76 574.63
341277.79 6838164.43 584.52
341310.23 6838170.18 596.49
341269.61 6838173.54 573.29
341254.37 6838181.54 572.81
341193.20 6837989.00 621.25
341179.21 6837992.81 614.87
341188.10 6838007.93 606.01
341185.04 6838016.79 603.58
341178.03 6838022.60 612.39
341141.94 6838026.52 619.12
341210.20 6838036.07 591.81
341222.86 6838055.55 578.49
341195.93 6838049.65 590.14
341238.62 6838081.46 567.77
341218.70 6838076.54 569.30
341147.23 6838042.01 608.03
341231.62 6838098.56 555.86
341240.98 6838111.87 562.21
341176.00 6838081.41 580.96
341233.43 6838120.48 570.99
341210.48 6838114.67 557.33
341175.67 6838100.02 578.24
341183.24 6838111.88 568.03
341192.44 6838123.38 563.65
341160.49 6838112.07 573.59
341217.55 6838154.35 565.78
341172.05 6838137.28 567.01
341177.22 6838154.94 571.39
341243.93 6838005.55 586.82
341247.87 6837991.35 594.69
341267.82 6837989.55 590.87
341294.24 6837980.43 582.02
341321.81 6837999.19 566.42
341249.95 6838145.67 559.27
341266.64 6838135.85 564.15
341268.06 6838125.46 558.09
341319.99 6838145.51 580.42
341302.78 6838127.78 559.88
341302.37 6838121.58 559.03
341302.36 6838116.22 556.77
341281.08 6838098.72 552.80
341251.35 6838076.55 570.40
341289.15 6838093.07 550.92
341263.26 6838072.87 566.29
341339.23 6838110.46 567.51
341283.49 6838073.55 558.16
341307.78 6838080.90 558.33
341243.60 6838039.25 579.30
341258.47 6838041.13 584.85
341252.08 6838032.62 583.45
341324.40 6838068.54 551.39
341269.51 6838030.05 573.85
341332.06 6838056.43 548.73
341329.03 6838043.59 550.03
341332.84 6838031.33 556.69
341230.20 6838159.67 563.95
341220.51 6838167.94 568.48
341181.86 6838161.51 565.38
341169.57 6838165.34 567.32
341161.28 6838174.37 569.24
341341.56 6838155.54 598.98
341333.52 6838163.31 601.34
341338.23 6838175.26 613.66
341310.85 6838168.55 604.73
341310.42 6838176.99 601.03
341286.02 6838173.39 592.78
341259.44 6838169.45 568.65
341121.91 6837834.58 660.33
341108.10 6837818.97 670.13
341111.52 6837795.96 679.28
341090.86 6837968.39 656.27
341094.61 6837962.80 655.33
341080.07 6837957.39 663.73
341128.30 6837955.05 654.81
341124.46 6837950.16 656.26
341108.51 6837838.52 675.87
341094.59 6837850.61 668.54
341124.19 6837864.52 665.10
341112.89 6837874.28 657.91
341112.28 6837883.29 661.21
341085.79 6837890.47 675.38
341120.29 6837901.10 656.78
341077.57 6837906.94 680.03
341091.43 6837915.98 666.15
341104.49 6837924.50 667.07
341120.33 6837933.00 663.03
341092.04 6837937.64 676.54
341070.38 6837997.78 661.72
341097.11 6837992.75 657.46
341089.04 6837987.83 651.37
341070.34 6837981.58 670.91
341051.82 6837975.69 678.61
341077.01 6837972.39 681.79
341102.00 6837830.65 674.92
341108.42 6837816.33 676.16
341114.96 6837795.14 680.76
341064.04 6837960.16 674.08
341077.95 6837954.51 684.61
341109.76 6837963.89 653.20
341093.03 6837945.14 677.99
341117.32 6837953.99 654.11
341123.73 6837846.17 666.63
341104.12 6837850.90 673.71
341125.93 6837874.54 657.74
341102.46 6837872.61 664.03
341109.85 6837887.61 663.51
341110.56 6837898.07 656.63
341085.70 6837893.03 674.18
341129.83 6837928.03 644.36
341133.27 6837939.09 642.16
341120.74 6837939.74 657.80
341101.45 6837936.00 665.70
341068.76 6837997.26 661.35
341068.73 6837983.73 673.16
341092.67 6837986.72 649.26
341104.49 6837984.45 658.76
341117.24 6837980.23 641.31
341127.51 6837972.26 638.35
340809.78 6837625.41 824.07
340837.69 6837646.76 808.08
340847.63 6837643.47 806.81
340913.64 6837643.14 788.28
340840.57 6837637.43 808.61
340894.78 6837636.50 798.02
340945.02 6837635.66 787.68
340887.00 6837629.81 804.90
340830.64 6837624.04 813.23
340927.76 6837624.78 793.50
340901.37 6837619.22 799.60
340909.80 6837613.75 795.05
340943.05 6837738.08 773.61
340921.97 6837908.24 758.49
340915.27 6837900.61 765.07
340937.22 6837893.64 766.94
340923.49 6837884.68 775.51
340954.75 6837877.92 753.40
340939.13 6837869.84 762.28
340925.99 6837858.53 767.32
340946.47 6837849.10 757.12
340944.57 6837837.80 774.84
340942.24 6837824.13 764.10
340934.01 6837808.18 774.18
340934.41 6837788.13 772.60
340823.02 6837774.50 807.32
340806.71 6837665.12 823.27
340805.97 6837690.55 823.03
340807.34 6837713.97 819.71
340811.92 6837732.31 820.30
340806.23 6837749.90 821.31
340828.33 6837782.02 801.23
340868.75 6837778.08 794.68
340873.07 6837774.54 804.13
340854.14 6837770.09 810.79
340879.26 6837767.96 793.48
340929.10 6837652.41 782.78
340924.32 6837657.27 783.59
340882.02 6837658.16 812.38
340841.23 6837659.30 808.90
340928.91 6837666.26 782.48
340887.04 6837667.33 798.12
340864.97 6837668.86 816.10
340873.83 6837672.55 799.21
340848.18 6837674.09 808.54
340880.61 6837679.07 796.93
340839.43 6837681.02 811.30
340879.29 6837685.22 813.15
340933.40 6837690.63 781.63
340904.34 6837692.24 794.18
340900.30 6837694.81 793.03
340845.06 6837695.56 803.22
340856.63 6837698.68 801.57
340922.78 6837704.99 792.24
340942.07 6837709.06 776.94
340847.27 6837708.30 807.21
340874.60 6837711.98 795.69
340921.02 6837716.98 781.90
340881.81 6837718.54 803.83
340842.10 6837719.98 801.96
340823.67 6837721.75 805.95
340920.49 6837728.97 782.16
340843.98 6837728.51 801.61
340924.71 6837735.20 794.29
340883.87 6837736.81 793.51
340868.48 6837738.86 798.08
340834.80 6837741.18 802.50
340880.28 6837746.33 804.73
340825.65 6837747.12 809.88
340839.72 6837751.14 806.45
340928.18 6837758.00 777.82
340829.35 6837757.17 804.40
340823.45 6837760.45 825.84
340827.18 6837912.03 791.15
340809.34 6837899.26 799.51
340800.11 6837885.80 801.80
340801.51 6837872.28 803.33
340800.92 6837858.09 818.84
340813.86 6837845.61 815.77
340819.30 6837831.15 800.70
340800.96 6837816.03 814.06
340802.65 6837801.64 814.07
340815.33 6837789.10 814.74
340862.87 6837907.07 783.02
340866.18 6837900.54 804.70
340880.09 6837895.74 778.54
340871.78 6837889.28 796.98
340848.34 6837883.03 809.98
340847.33 6837878.17 790.27
340916.85 6837876.51 782.25
340898.18 6837870.43 785.71
340911.57 6837866.89 787.51
340854.54 6837859.40 790.95
340877.99 6837855.74 795.43
340885.02 6837851.59 785.94
340928.72 6837849.80 794.47
340832.99 6837842.55 801.47
340916.74 6837841.37 782.71
340906.99 6837836.42 778.74
340846.60 6837829.70 793.87
340870.40 6837827.13 788.63
340862.66 6837823.64 812.57
340860.26 6837820.03 797.53
340877.61 6837817.19 795.49
340920.13 6837815.23 792.99
340860.20 6837808.72 806.76
340933.60 6837808.16 777.00
340915.68 6837803.80 785.46
340922.51 6837800.57 777.15
340951.91 6837798.29 777.01
340843.85 6837789.33 801.34
340923.73 6837789.80 793.26
340886.24 6837783.24 789.27
341004.55 6837640.46 762.69
340991.76 6837633.57 767.26
340970.59 6837628.26 774.85
341003.25 6837624.90 765.37
341010.80 6837620.76 758.21
341037.62 6837617.32 748.62
341020.74 6837611.35 754.57
341051.77 6837605.77 736.61
341083.15 6837631.45 720.76
341076.84 6837614.28 725.79
340986.74 6837643.41 776.14
340974.37 6837629.16 780.79
340989.77 6837618.87 783.00
340983.39 6837610.91 778.05
341006.28 6837771.62 738.50
340996.26 6837766.24 747.03
341047.93 6837642.02 747.62
341013.07 6837646.73 754.34
341029.74 6837651.99 748.71
341023.42 6837655.13 755.06
340994.28 6837658.69 768.79
341061.29 6837665.65 728.86
341046.70 6837669.60 731.60
341045.74 6837673.85 739.80
341074.67 6837678.94 712.62
341071.41 6837683.34 721.90
341074.03 6837687.39 714.75
341059.37 6837691.88 720.30
341081.26 6837696.04 716.72
340988.88 6837696.37 765.24
340997.70 6837701.09 759.91
341042.38 6837706.22 740.65
341081.74 6837711.62 716.93
341039.70 6837713.46 728.96
341039.13 6837717.14 738.51
341075.85 6837721.95 705.51
341020.02 6837723.52 756.29
341036.27 6837727.73 732.67
340973.12 6837728.99 767.29
341033.42 6837735.31 738.89
341022.24 6837738.72 743.64
341039.20 6837743.16 730.14
341047.53 6837746.72 728.62
340965.55 6837747.46 773.93
340984.81 6837751.78 756.06
341076.93 6837759.85 697.84
341054.90 6837762.69 711.52
341088.06 6837767.85 701.57
341102.61 6837656.36 696.88
341093.07 6837672.25 702.42
341104.63 6837690.77 702.02
341085.85 6837707.84 701.27
341090.00 6837726.10 692.37
341113.60 6837746.89 673.54
341101.58 6837766.43 681.26
341024.08 6837901.10 735.84
341087.25 6837899.24 668.12
341014.80 6837892.82 727.73
341090.45 6837893.08 671.47
341042.65 6837887.40 706.04
341001.94 6837882.40 742.39
341078.78 6837882.51 679.62
341065.26 6837878.44 679.51
341047.59 6837874.46 693.13
341022.47 6837870.03 718.68
340995.68 6837865.21 739.67
340970.39 6837860.96 751.14
341070.41 6837861.80 689.88
341013.32 6837856.28 731.68
340970.52 6837851.36 760.86
341067.05 6837852.73 682.22
341004.99 6837846.89 738.81
341085.84 6837846.66 689.43
341040.41 6837841.39 716.07
341040.83 6837838.00 710.93
341070.96 6837835.69 681.57
340978.96 6837828.11 747.75
341078.55 6837829.37 694.74
341053.95 6837824.91 705.00
341048.93 6837821.14 701.69
341072.54 6837818.97 683.36
341087.04 6837816.12 674.69
341060.89 6837811.63 696.01
341065.73 6837808.06 693.93
341040.48 6837803.78 711.32
341023.87 6837799.31 723.97
341020.01 6837795.25 724.80
341001.90 6837791.67 738.09
340976.78 6837786.66 767.44
340993.94 6837783.85 751.04
341045.82 6837782.10 708.86
341049.17 6837778.44 711.30
341075.48 6837773.19 696.49
341116.52 6837885.69 670.00
341112.71 6837871.09 668.27
341110.81 6837857.62 664.51
341108.13 6837841.31 667.47
341096.13 6837827.39 672.18
341103.32 6837813.28 673.15
341109.94 6837796.97 677.90
341093.05 6837781.83 685.23
340948.32 6837648.15 778.38
340953.42 6837663.37 776.81
340957.91 6837677.35 787.60
340951.47 6837694.99 788.40
340973.88 6837734.22 778.81
340823.89 6838004.45 771.45
340802.12 6838015.86 761.27
340841.34 6837987.87 774.93
340921.00 6837988.01 749.34
340896.77 6837982.67 763.46
340846.40 6837977.36 776.33
340906.62 6837975.61 755.36
340931.68 6837973.14 757.07
340941.45 6837969.01 751.26
340872.02 6837961.48 773.51
340923.37 6837959.01 747.81
340927.11 6837954.16 747.79
340933.11 6837950.25 745.58
340914.53 6837943.69 770.36
340946.46 6837940.47 754.45
340908.66 6837933.84 775.06
340920.69 6837928.62 759.50
340952.97 6837924.05 744.09
340890.51 6837915.46 776.44
340956.15 6837995.35 735.95
340918.38 6837997.26 753.02
340964.65 6838002.77 727.96
340911.46 6838004.67 746.11
340910.52 6838008.57 745.86
340906.80 6838014.10 755.12
340834.59 6837984.67 776.88
340828.71 6837971.70 781.04
340820.27 6837960.51 792.27
340816.21 6837947.99 798.74
340812.69 6837935.34 799.78
340817.94 6837924.67 807.16
340801.88 6838000.38 777.40
340868.01 6837962.35 779.38
340856.30 6837949.52 788.98
340861.48 6837939.91 778.99
340861.98 6837930.89 797.36
340879.77 6837923.85 788.04
340889.24 6837917.03 779.74
341128.36 6837930.75 644.38
341108.25 6837981.55 644.98
341022.31 6838002.79 702.65
341057.15 6837999.34 673.39
341070.39 6837994.92 667.38
341031.41 6837988.65 694.55
341029.83 6837985.17 709.16
341035.49 6837981.50 692.82
340997.05 6837976.25 719.31
341088.33 6837977.65 655.32
341038.86 6837971.71 695.70
341109.46 6837971.71 659.26
341010.11 6837964.26 720.92
341063.29 6837963.64 689.65
340977.09 6837956.07 730.10
341057.83 6837956.34 685.49
341082.23 6837902.08 677.10
341030.45 6837905.85 722.67
341029.72 6837909.66 714.79
341014.26 6837911.70 720.28
341128.33 6837919.97 660.29
340972.56 6837915.81 747.01
341077.55 6837923.53 666.90
341063.27 6837925.62 692.85
341007.96 6837926.11 731.52
340979.99 6837928.80 748.35
341079.15 6837935.48 681.35
341005.78 6837935.63 720.56
340991.11 6837937.99 730.08
341005.50 6837941.98 725.61
341003.53 6837944.39 726.88
341097.18 6837952.01 655.86
340984.04 6837949.64 730.13
340813.19 6837647.95 817.79
340828.95 6837646.23 816.34
340853.90 6837647.91 805.43
340840.55 6837632.64 813.42
340859.57 6837635.16 826.99
340872.80 6837634.39 813.42
340910.10 6837647.07 790.05
340894.74 6837632.22 801.45
340898.56 6837627.10 795.81
340898.05 6837619.35 796.52
340935.19 6837631.22 781.81
340925.69 6837612.61 793.49
340940.90 6837751.13 773.77
340888.37 6837899.51 775.45
340931.25 6837904.27 753.28
340903.51 6837877.06 774.82
340939.97 6837888.76 755.39
340944.14 6837881.73 754.78
340948.37 6837873.70 754.14
340946.52 6837862.52 756.24
340939.89 6837847.52 771.28
340944.80 6837836.44 761.84
340956.56 6837801.93 768.70
340932.79 6837807.73 775.44
340938.78 6837826.22 766.06
340817.16 6837774.45 804.77
340810.60 6837657.90 823.44
340810.78 6837687.06 821.92
340800.53 6837704.03 814.10
340815.76 6837730.66 825.45
340807.25 6837744.77 821.27
340844.31 6837780.48 800.08
340923.36 6837648.60 804.08
340947.82 6837673.00 777.39
340906.48 6837659.16 790.77
340900.94 6837662.19 800.11
340932.33 6837685.27 781.48
340865.68 6837652.61 802.23
340883.20 6837666.79 811.95
340904.80 6837683.38 790.83
340935.26 6837705.17 779.00
340874.74 6837674.58 802.91
340888.63 6837685.70 803.57
340883.97 6837686.42 811.81
340919.37 6837710.17 795.76
340883.22 6837692.33 804.78
340937.77 6837725.74 791.77
340833.51 6837670.03 808.00
340832.36 6837673.03 807.84
340898.54 6837713.97 798.10
340913.60 6837725.66 796.53
340924.92 6837735.39 792.02
340884.90 6837715.50 793.85
340869.11 6837709.77 812.68
340854.27 6837704.51 802.59
340904.35 6837736.39 786.42
340936.72 6837758.02 780.52
340899.56 6837739.17 802.46
340913.53 6837750.14 787.36
340894.98 6837742.63 788.94
340883.08 6837740.18 798.52
340824.38 6837710.45 805.97
340915.14 6837766.11 788.53
340923.98 6837775.18 796.95
340922.58 6837778.64 783.01
340851.20 6837741.19 807.00
340885.89 6837765.57 791.26
340875.83 6837764.35 796.69
340869.83 6837766.40 794.98
340850.28 6837761.23 816.35
340852.92 6837768.93 799.87
340826.99 6837761.70 803.03
340818.29 6837910.00 796.82
340827.94 6837904.24 795.53
340825.36 6837889.63 801.22
340801.88 6837862.87 814.04
340804.24 6837849.72 818.57
340822.05 6837847.75 804.53
340816.59 6837829.35 801.64
340814.58 6837812.24 804.24
340812.08 6837797.65 805.05
340849.07 6837914.48 787.59
340844.84 6837897.65 788.77
340840.79 6837887.59 804.61
340873.81 6837897.60 780.24
340878.37 6837892.55 782.24
340882.32 6837888.24 789.53
340880.04 6837882.35 796.46
340891.37 6837883.15 776.92
340881.48 6837872.46 792.51
340915.33 6837887.07 784.44
340902.63 6837874.58 777.81
340900.23 6837867.85 787.47
340831.53 6837824.07 799.04
340895.45 6837855.71 790.78
340881.15 6837843.19 784.81
340902.57 6837851.75 787.03
340902.54 6837847.29 783.99
340886.80 6837834.26 788.97
340875.19 6837823.54 806.30
340884.21 6837824.29 785.57
340909.04 6837834.73 790.84
340936.28 6837846.40 784.08
340893.75 6837817.56 783.49
340935.20 6837836.98 785.63
340882.09 6837801.17 793.33
340940.10 6837784.47 782.21
340925.32 6837795.01 779.46
340908.33 6837795.51 780.82
340886.40 6837791.16 788.53
340896.34 6837804.13 796.42
341007.09 6837640.29 764.45
340982.64 6837614.71 773.34
341012.24 6837621.42 773.47
341017.35 6837616.19 762.72
341049.06 6837626.07 738.26
341054.18 6837622.96 733.26
341058.41 6837615.39 735.69
341062.93 6837603.92 747.77
341089.88 6837623.59 730.38
341079.78 6837601.62 743.79
340970.51 6837639.98 776.49
340945.40 6837612.09 783.21
340967.42 6837608.32 776.66
340959.09 6837767.12 771.61
340984.30 6837764.55 765.59
341015.35 6837772.54 740.90
341019.36 6837767.61 730.07
341024.18 6837763.52 733.52
340984.51 6837735.52 760.43
340999.54 6837739.03 757.82
341055.18 6837639.86 737.12
341048.99 6837649.72 752.52
341065.58 6837668.31 720.78
341029.13 6837655.37 745.39
341028.37 6837660.48 757.15
340996.74 6837649.08 762.82
341004.39 6837658.55 764.61
341010.84 6837667.11 752.95
341041.38 6837689.19 732.19
341040.05 6837692.03 737.98
340990.10 6837668.02 771.97
341053.55 6837707.51 720.25
341071.69 6837721.75 705.02
341016.25 6837694.47 747.13
341069.87 6837729.18 721.87
341030.05 6837710.53 751.40
340965.76 6837678.06 770.08
341038.51 6837722.89 744.68
340992.23 6837700.96 758.74
340995.36 6837706.81 769.18
341039.37 6837736.66 736.17
340951.33 6837690.06 775.16
340988.05 6837715.65 769.18
340954.14 6837700.13 772.54
340990.33 6837725.37 755.90
341059.34 6837769.10 703.70
341101.28 6837656.90 713.55
341100.24 6837672.64 698.58
341098.20 6837687.97 704.11
341093.00 6837704.21 697.83
341085.75 6837717.42 697.42
341089.92 6837738.64 694.37
341095.49 6837761.01 679.99
340994.96 6837903.10 733.07
340981.53 6837884.88 743.46
341001.61 6837889.23 747.45
340988.68 6837876.62 738.13
340983.11 6837868.34 754.05
341000.42 6837873.52 748.85
341052.76 6837897.52 706.88
341065.24 6837900.31 691.61
341066.60 6837897.08 688.50
340982.84 6837846.07 745.52
341011.68 6837858.52 732.73
341053.41 6837878.38 701.05
341030.77 6837862.35 726.24
341009.46 6837846.92 733.52
341095.19 6837891.71 663.83
341055.31 6837866.01 688.35
341008.94 6837836.49 728.28
340971.67 6837811.56 758.29
341046.77 6837850.89 699.48
341001.70 6837821.99 735.28
340965.16 6837797.77 758.42
341079.49 6837859.58 673.45
341050.94 6837840.22 695.02
341004.96 6837810.43 733.74
340966.67 6837784.91 760.31
341076.55 6837844.08 678.96
341005.49 6837800.21 734.46
341056.56 6837826.05 704.49
340974.88 6837776.21 772.15
341075.53 6837828.71 699.07
341014.14 6837788.70 732.00
341010.60 6837781.46 749.77
341014.81 6837778.80 738.69
341057.68 6837795.70 711.95
341069.89 6837795.39 697.26
341070.64 6837785.93 695.82
341073.53 6837775.98 709.71
341119.69 6837888.94 654.72
341108.88 6837869.38 660.38
341123.28 6837863.43 668.03
341099.45 6837835.07 677.40
341114.53 6837828.38 663.68
341098.28 6837804.26 672.97
341112.33 6837779.25 679.78
341097.27 6837786.73 676.55
340972.31 6837720.96 781.42
340956.63 6837655.87 785.08
340950.62 6837667.09 784.19
340962.03 6837693.10 785.45
340815.22 6838020.08 758.19
340827.35 6838007.89 769.23
340850.97 6838013.87 757.89
340877.15 6838010.53 758.03
340861.17 6837991.55 770.55
340907.68 6838010.38 746.21
340919.76 6838008.90 742.47
340876.41 6837976.97 769.49
340927.73 6838000.58 749.05
340880.04 6837968.34 769.56
340940.80 6837996.86 736.32
340901.77 6837969.43 759.65
340892.21 6837959.82 765.53
340879.46 6837947.72 773.42
340878.08 6837941.36 774.22
340921.39 6837961.19 755.13
340967.84 6837983.24 744.10
340896.64 6837937.46 772.46
340969.67 6837975.34 728.25
340907.83 6837934.08 774.11
340961.70 6837960.37 746.76
340905.51 6837922.81 766.99
340915.64 6837922.88 759.32
340933.62 6837923.42 766.55
340929.22 6837911.50 757.33
340964.72 6837909.04 745.97
340821.85 6837985.01 779.09
340828.20 6837975.58 783.74
340820.22 6837959.91 795.92
340832.18 6837953.55 783.87
340800.91 6837924.20 795.08
340829.85 6837928.72 788.33
340857.11 6837970.13 778.40
340846.27 6837947.53 781.64
340902.20 6837967.56 780.65
340837.61 6837922.26 796.95
340848.40 6837918.94 785.81
340895.25 6837929.00 785.84
341130.06 6837933.70 647.61
341118.11 6837972.78 647.48
340982.13 6838006.00 719.97
341012.38 6838004.45 708.19
340987.98 6837980.44 731.84
340976.52 6837967.29 731.88
341017.19 6837983.26 716.61
341038.51 6837990.61 691.06
341020.89 6837974.86 702.45
341041.87 6837981.23 688.94
341023.71 6837966.81 706.87
341009.35 6837954.59 731.01
341011.00 6837951.05 726.95
341074.42 6837983.67 664.73
341026.17 6837952.90 717.42
340978.09 6837922.46 736.78
340966.23 6837911.23 747.60
341063.17 6837962.85 674.35
341041.44 6837947.25 692.84
341019.19 6837931.07 723.63
341084.32 6837964.59 676.90
341112.44 6837976.49 650.89
341021.77 6837921.55 714.11
341039.41 6837927.42 713.04
341025.22 6837915.02 720.86
341015.56 6837905.75 720.76
341026.15 6837906.14 725.11
341035.32 6837906.61 703.47
341105.03 6837940.61 652.59
341095.49 6837929.56 658.64
341069.78 6837907.33 673.28
341114.74 6837923.73 651.51
341103.31 6837904.19 659.21
341323.16 6837825.14 587.70
341318.37 6837803.50 594.99
341302.64 6837766.99 595.93
341276.47 6837979.73 585.51
341261.26 6837967.83 590.78
341247.42 6837953.98 596.61
341274.43 6837929.82 599.40
341278.60 6837951.02 591.00
341318.95 6837832.58 589.21
341322.98 6837849.35 588.31
341295.87 6837861.30 595.60
341308.95 6837877.18 597.59
341292.54 6837888.62 594.13
341328.57 6837903.21 583.49
341318.62 6837912.80 599.75
341304.99 6837922.28 588.04
341292.79 6837931.71 591.60
341322.23 6837944.82 578.36
341301.15 6837968.13 585.46
341332.20 6837959.67 571.55
341174.11 6837698.91 656.34
341242.07 6837699.30 630.48
341184.36 6837692.45 657.55
341212.46 6837691.04 634.07
341147.95 6837683.77 678.20
341143.97 6837680.37 664.71
341188.73 6837680.19 646.45
341241.30 6837615.06 630.03
341240.93 6837610.74 630.67
341177.72 6837602.88 656.88
341251.33 6837601.66 637.35
341165.90 6837618.57 681.01
341256.38 6837628.30 635.12
341190.58 6837628.04 663.96
341158.50 6837630.73 679.22
341175.41 6837634.51 664.61
341216.61 6837641.28 642.05
341184.18 6837642.49 656.91
341200.58 6837647.26 652.90
341165.66 6837649.60 672.55
341206.33 6837655.28 641.09
341252.05 6837661.24 629.63
341253.41 6837664.84 629.32
341198.78 6837665.46 646.22
341254.31 6837671.82 620.24
341150.30 6837670.40 668.60
341258.24 6837679.73 622.01
341260.54 6837683.43 615.65
341129.89 6837817.27 661.52
341121.83 6837793.70 677.85
341132.66 6837773.72 660.58
341134.29 6837753.08 661.23
341133.18 6837714.10 665.30
341180.23 6837829.51 647.25
341169.14 6837824.93 642.40
341152.13 6837820.62 652.93
341146.10 6837816.93 652.57
341245.03 6837820.15 621.62
341213.08 6837814.98 634.99
341198.43 6837810.79 635.98
341186.23 6837806.81 653.98
341185.62 6837803.11 637.57
341173.10 6837798.59 642.89
341161.55 6837794.23 647.49
341151.34 6837790.32 662.39
341264.62 6837793.97 624.85
341262.22 6837790.41 622.15
341269.12 6837787.08 616.09
341226.04 6837780.96 627.17
341159.78 6837774.24 663.13
341225.59 6837775.59 624.72
341173.87 6837769.21 647.87
341138.31 6837764.01 659.07
341239.42 6837767.03 628.79
341218.97 6837762.40 631.87
341178.07 6837756.58 642.34
341151.42 6837750.74 663.79
341266.74 6837754.31 610.44
341230.44 6837748.59 629.73
341216.31 6837744.05 625.74
341208.60 6837739.98 630.80
341198.97 6837735.73 641.65
341162.61 6837729.96 653.17
341143.43 6837724.92 659.43
341251.09 6837728.26 613.58
341224.55 6837723.41 633.91
341222.15 6837719.83 626.70
341191.97 6837714.29 639.08
341139.48 6837708.35 664.60
341237.41 6837711.76 622.30
341177.85 6837703.94 646.99
341261.90 6837702.92 613.61
341280.57 6837807.51 601.69
341289.53 6837795.37 598.99
341282.35 6837781.94 608.91
341289.14 6837772.25 607.96
341290.86 6837761.65 598.91
341282.51 6837749.59 623.94
341296.96 6837741.18 607.87
341279.73 6837729.85 608.69
341289.41 6837721.87 614.93
341282.79 6837712.67 607.42
341298.45 6837704.98 604.64
341283.68 6837695.04 610.40
341264.86 6837684.48 629.77
341293.87 6837676.35 605.90
341294.71 6837666.15 608.42
341296.66 6837656.92 624.29
341278.46 6837644.69 620.95
341297.21 6837635.66 608.77
341264.06 6837623.94 622.69
341269.68 6837605.34 630.57
341290.98 6837615.73 613.32
341140.64 6837953.45 650.10
341140.20 6837854.79 660.12
341134.64 6837883.62 653.66
341141.60 6837912.64 661.09
341136.72 6837944.66 643.96
341196.54 6837961.57 626.69
341185.35 6837956.04 627.94
341199.30 6837952.59 613.25
341247.03 6837831.55 611.49
341194.49 6837835.20 641.80
341253.67 6837843.11 617.78
341252.43 6837846.15 610.44
341194.59 6837845.94 629.01
341184.74 6837848.08 639.40
341187.27 6837851.71 628.56
341224.73 6837857.18 627.75
341183.13 6837857.29 633.09
341195.18 6837861.69 642.92
341208.94 6837866.10 637.58
341236.97 6837871.10 622.42
341208.26 6837872.09 630.23
341190.28 6837874.98 641.21
341266.10 6837882.65 620.46
341230.05 6837884.05 614.94
341150.07 6837882.29 644.75
341193.46 6837888.08 624.68
341270.48 6837896.29 601.50
341209.37 6837895.19 629.89
341191.54 6837897.90 624.47
341180.60 6837901.08 633.43
341250.91 6837908.84 606.08
341232.33 6837911.32 610.22
341250.34 6837915.89 604.14
341239.71 6837919.72 604.71
341249.09 6837923.43 614.06
341209.37 6837924.93 614.41
341218.58 6837929.03 610.04
341161.25 6837929.96 640.90
341179.51 6837935.72 625.24
341190.98 6837940.05 621.13
341163.14 6837942.56 637.37
341142.29 6837988.33 627.21
341166.75 6837986.49 617.58
341178.68 6837980.42 612.78
341159.63 6837973.02 638.08
341193.33 6837969.48 623.23
341278.64 6837885.06 601.15
341281.53 6837847.82 604.44
341310.79 6837827.63 593.94
341296.07 6837788.95 598.51
341310.08 6837737.44 598.17
341240.11 6837964.32 596.17
341272.90 6837970.79 588.81
341267.91 6837947.45 593.63
341296.82 6837959.79 583.28
341314.81 6837954.83 582.47
341307.96 6837940.08 584.61
341284.67 6837916.22 592.77
341311.70 6837922.25 591.80
341324.35 6837921.11 581.17
341316.89 6837906.41 586.34
341294.85 6837880.99 593.33
341299.93 6837836.72 598.56
341313.70 6837860.11 591.17
341324.60 6837879.20 588.12
341290.95 6837874.24 594.69
341306.91 6837968.90 579.07
341145.59 6837703.32 660.20
341250.72 6837609.58 626.89
341233.98 6837610.90 645.75
341245.08 6837625.09 636.67
341241.62 6837629.07 634.84
341215.10 6837619.03 644.79
341248.91 6837643.37 624.76
341234.18 6837638.97 641.60
341260.02 6837658.85 619.42
341164.19 6837606.02 664.06
341187.61 6837624.00 672.24
341235.65 6837657.27 642.46
341166.69 6837620.54 676.43
341183.29 6837634.92 669.80
341187.30 6837641.97 652.66
341163.58 6837632.15 661.24
341241.35 6837681.87 622.58
341167.56 6837641.40 667.65
341174.69 6837651.53 673.06
341243.03 6837696.75 620.51
341156.77 6837650.32 671.12
341158.09 6837656.12 679.49
341206.76 6837690.09 635.27
341199.47 6837692.97 648.46
341176.83 6837685.03 655.86
341149.97 6837676.95 673.02
341166.91 6837697.59 662.15
341139.95 6837831.00 655.69
341131.72 6837802.27 660.08
341132.80 6837782.82 667.84
341117.60 6837752.71 669.34
341130.03 6837733.97 680.16
341141.06 6837820.05 653.31
341145.52 6837811.71 663.55
341158.12 6837810.28 648.42
341143.31 6837794.72 655.96
341200.70 6837822.04 631.26
341187.34 6837808.48 640.51
341228.46 6837828.02 620.48
341188.21 6837799.57 639.12
341169.39 6837784.08 646.88
341169.36 6837780.64 647.04
341185.61 6837787.70 636.53
341228.17 6837809.05 622.43
341154.82 6837762.19 662.29
341218.92 6837797.34 627.28
341202.79 6837784.55 630.99
341186.90 6837771.59 651.47
341174.54 6837761.76 649.30
341141.56 6837738.60 672.62
341245.24 6837797.29 613.60
341214.20 6837775.79 636.45
341172.76 6837747.41 645.82
341216.89 6837769.98 637.28
341178.09 6837743.34 646.12
341170.78 6837735.82 656.52
341260.07 6837785.44 609.75
341191.15 6837741.06 638.28
341148.12 6837711.69 663.52
341244.56 6837765.18 626.26
341180.21 6837723.21 654.68
341256.12 6837764.79 613.42
341183.01 6837717.50 643.24
341262.92 6837718.82 613.61
341237.45 6837714.68 622.13
341203.85 6837702.68 637.06
341224.30 6837721.98 633.69
341184.01 6837704.57 657.56
341187.98 6837713.12 652.89
341223.84 6837739.21 623.90
341278.68 6837811.42 602.06
341275.89 6837788.90 614.76
341314.22 6837798.13 612.22
341293.27 6837773.02 607.25
341315.68 6837776.62 610.11
341291.19 6837749.33 602.39
341276.04 6837730.69 619.67
341296.36 6837732.48 608.43
341282.49 6837715.77 606.77
341268.00 6837696.67 615.91
341271.01 6837689.47 611.87
341296.90 6837694.48 620.69
341287.32 6837679.85 609.81
341302.59 6837678.58 608.01
341288.08 6837660.75 611.73
341270.21 6837640.31 619.71
341286.34 6837640.82 611.98
341284.78 6837630.20 616.17
341273.21 6837613.27 632.36
341289.32 6837611.89 623.75
341146.31 6837966.08 634.71
341137.97 6837862.41 657.42
341132.66 6837886.74 652.70
341142.45 6837921.09 658.07
341135.11 6837952.88 640.14
341261.87 6837844.21 619.36
341236.55 6837840.31 624.92
341272.01 6837869.79 605.09
341237.62 6837855.78 628.15
341221.35 6837851.74 635.80
341207.21 6837847.96 635.21
341184.55 6837839.16 640.70
341228.52 6837869.07 616.96
341240.04 6837879.94 622.74
341220.70 6837872.16 618.15
341175.94 6837849.22 651.80
341234.52 6837887.24 619.62
341173.53 6837854.53 644.03
341193.25 6837869.75 629.61
341182.74 6837866.46 646.48
341241.58 6837905.05 618.95
341199.82 6837884.00 639.39
341211.27 6837893.59 618.57
341194.13 6837887.48 627.62
341204.25 6837897.23 624.62
341199.21 6837897.61 627.70
341166.16 6837881.55 637.63
341176.20 6837891.92 631.89
341200.73 6837909.38 630.48
341201.58 6837913.88 628.36
341235.53 6837939.07 606.97
341179.32 6837908.95 627.47
341204.57 6837928.47 618.03
341164.74 6837909.56 635.78
341164.87 6837913.37 637.33
341163.72 6837917.99 632.92
341219.31 6837956.01 615.85
341154.61 6837923.84 637.15
341167.81 6837937.20 637.34
341148.26 6837934.26 638.43
341166.27 6837956.71 624.50
341146.84 6837988.16 625.09
341154.69 6837977.32 629.93
341223.22 6837978.73 601.88
341209.43 6837985.83 604.70
341178.79 6837980.13 612.80
341274.97 6837860.48 605.27
341277.67 6837834.13 613.94
341264.42 6837624.02 622.75
341289.61 6837617.89 613.34
341290.03 6837612.41 613.19
341283.57 6837606.72 621.18
341141.89 6837891.90 647.96
341218.16 6837887.65 624.05
341221.99 6837880.86 630.12
341164.94 6837871.42 648.96
341180.74 6837865.83 637.63
341200.60 6837860.92 636.02
341202.11 6837854.24 625.33
341190.84 6837845.05 637.24
341170.76 6837836.34 644.13
341215.29 6837830.23 627.43
341203.47 6837822.07 638.84
341209.29 6837813.62 633.58
341165.46 6837801.64 645.94
341219.15 6837794.96 630.01
341197.19 6837781.94 640.65
341185.86 6837770.39 637.27
341193.51 6837757.80 636.66
341179.21 6837742.70 642.31
341206.12 6837731.16 632.39
341187.45 6837715.53 641.59
341204.62 6837697.26 635.84
341212.46 6837668.83 636.10
341240.21 6837756.79 622.42
341227.25 6837749.29 622.56
341248.72 6837626.87 635.84
341303.82 6837635.79 609.34
341270.19 6837639.13 618.05
341244.02 6837643.84 625.47
341239.46 6837648.98 642.19
341258.76 6837654.75 620.56
341223.17 6837659.04 637.32
341259.64 6837665.50 624.53
341269.76 6837671.73 614.87
341237.96 6837674.44 627.28
341304.93 6837683.39 609.86
341263.13 6837686.84 614.00
341295.58 6837693.47 615.54
341232.51 6837696.37 628.72
341218.12 6837701.10 637.38
341230.77 6837706.90 627.18
341292.23 6837714.57 615.20
341288.46 6837719.77 618.14
341261.23 6837724.34 629.47
341290.05 6837730.32 619.28
341283.97 6837736.01 610.54
341315.28 6837742.15 597.82
341287.71 6837745.60 609.38
341229.06 6837882.58 615.35
341266.73 6837878.99 605.24
341258.92 6837873.45 605.87
341279.67 6837868.06 608.80
341271.78 6837861.81 613.79
341234.83 6837854.14 617.86
341259.29 6837850.37 617.51
341298.26 6837845.65 602.51
341260.94 6837839.77 615.62
341245.70 6837833.14 616.82
341299.17 6837828.98 599.00
341227.87 6837820.64 622.08
341244.41 6837815.77 623.42
341321.08 6837813.65 591.55
341258.84 6837803.63 609.92
341231.35 6837797.32 621.25
341223.22 6837792.56 625.79
341253.59 6837787.88 616.34
341305.43 6837785.48 610.66
341234.47 6837775.81 628.16
341272.01 6837772.75 604.07
341307.57 6837769.32 610.46
341233.32 6837760.07 635.93
341106.43 6837635.14 709.57
341128.51 6837626.79 683.06
341170.00 6837624.04 662.59
341175.44 6837618.60 656.32
341137.59 6837611.59 686.08
341111.45 6837606.06 708.65
341169.15 6837603.52 674.34
341194.55 6837630.88 648.34
341169.82 6837639.22 673.97
341184.76 6837644.32 668.85
341187.27 6837650.02 650.80
341150.01 6837653.21 685.58
341211.43 6837660.31 659.38
341172.33 6837664.36 664.18
341192.66 6837671.32 655.91
341177.77 6837676.13 666.15
341169.20 6837681.02 676.82
341117.88 6837683.27 678.90
341185.20 6837692.68 655.58
341135.87 6837695.43 670.33
341120.47 6837701.22 680.41
341153.84 6837708.57 662.93
341125.34 6837713.86 667.69
341196.24 6837723.65 650.54
341118.70 6837726.26 672.16
341116.68 6837733.35 669.55
341135.00 6837742.05 676.92
341150.40 6837750.49 655.16
341150.51 6837757.85 664.08
341134.79 6837894.73 660.41
341142.23 6837878.43 667.18
341129.87 6837863.34 652.59
341125.76 6837850.09 671.80
341137.41 6837838.91 661.95
341135.74 6837828.91 654.89
341141.92 6837818.25 653.34
341182.35 6837809.25 649.12
341147.84 6837797.30 654.41
341162.58 6837787.35 654.27
341137.20 6837777.67 674.11
341191.36 6837765.06 649.08
341143.55 6837955.85 634.88
341204.69 6837952.19 612.94
341177.40 6837946.76 620.40
341208.34 6837942.57 619.53
341152.61 6837934.28 646.02
341231.89 6837933.62 606.14
341189.57 6837926.85 628.83
341195.60 6837921.49 622.07
341183.52 6837912.49 639.26
341228.32 6837908.79 610.95
341227.45 6837901.72 614.95
341189.29 6837960.19 622.40
341161.12 6837964.07 640.64
341208.22 6837971.03 613.41
341215.90 6837976.77 603.92
341145.99 6837979.87 638.36
341159.03 6837986.29 625.74
341260.41 6837958.31 593.83
341252.83 6837950.62 597.01
341233.89 6837943.55 614.00
341314.33 6837938.87 582.00
341277.98 6837931.14 593.80
341297.82 6837925.35 593.81
341231.59 6837916.24 619.59
341305.72 6837912.72 588.98
341282.18 6837904.57 599.50
341324.31 6837900.69 585.38
341243.84 6837891.35 618.75
341320.62 6837965.91 574.09
341287.99 6837971.34 586.38
341247.49 6837978.70 594.09
341137.41 6837920.31 654.82
341226.38 6837620.15 640.77
341229.50 6837608.01 642.02
341249.67 6837607.32 641.24
341275.49 6837610.96 631.34
341302.57 6837611.97 615.09
341157.36 6837877.23 642.04
341171.88 6837872.49 635.76
341166.76 6837860.78 641.86
341214.54 6837879.71 619.73
341194.47 6837860.30 637.30
341199.80 6837854.88 630.96
341197.71 6837845.17 625.90
341203.37 6837839.82 633.11
341180.66 6837818.43 636.09
341210.22 6837825.84 634.71
341190.13 6837805.57 632.47
341209.83 6837806.14 625.78
341212.68 6837796.58 627.61
341210.56 6837784.17 630.19
341169.30 6837749.61 647.05
341190.29 6837748.51 648.18
341179.32 6837728.77 643.49
341200.17 6837725.01 635.17
341188.25 6837701.22 647.25
341213.21 6837692.25 633.82
341205.91 6837655.74 647.68
341238.64 6837755.26 626.36
341254.54 6837751.36 614.26
341277.05 6837755.07 615.99
341282.92 6837751.35 605.44
341278.46 6837742.68 616.71
341298.58 6837748.61 599.45
341262.10 6837722.70 624.80
341232.55 6837700.72 624.52
341248.11 6837704.68 627.64
341306.31 6837732.15 599.84
341283.19 6837715.16 612.46
341292.82 6837632.37 612.22
341280.17 6837638.49 621.86
341287.11 6837651.17 620.04
341301.72 6837666.65 619.89
341246.17 6837641.00 632.91
341275.27 6837663.09 623.11
341284.47 6837673.34 608.29
341236.84 6837651.40 641.57
341309.33 6837697.35 610.05
341235.12 6837660.57 641.04
341258.02 6837679.11 621.56
341232.60 6837669.19 627.13
341254.43 6837687.32 631.23
341255.07 6837692.60 626.23
341244.12 6837883.67 628.32
341254.08 6837875.43 619.19
341238.41 6837856.70 621.85
341268.01 6837865.07 604.99
341313.94 6837883.89 595.10
341227.82 6837829.01 628.91
341279.43 6837852.50 602.92
341225.16 6837816.05 623.00
341276.70 6837839.12 612.02
341247.40 6837817.72 612.46
341282.47 6837831.91 602.73
341231.46 6837798.04 637.17
341260.23 6837808.02 611.73
341221.17 6837780.49 635.39
341252.43 6837792.19 611.67
341230.83 6837774.87 631.58
341274.12 6837793.24 604.98
341231.88 6837763.55 630.53
341272.58 6837780.84 613.96
341304.64 6837792.27 597.08
341285.95 6837774.19 625.48
341311.35 6837778.37 599.44
341307.05 6837763.00 606.89
341104.51 6837617.14 717.16
341118.52 6837611.85 700.39
341150.14 6837620.55 670.05
341160.88 6837617.73 665.10
341156.82 6837606.41 678.83
341170.87 6837604.38 666.24
341207.80 6837609.41 650.97
341189.68 6837639.71 662.82
341174.40 6837644.07 655.17
341163.71 6837647.42 661.69
341183.68 6837665.54 669.54
341148.43 6837652.30 677.98
341171.16 6837671.68 653.94
341201.18 6837693.21 649.03
341138.72 6837663.36 684.96
341172.81 6837688.10 652.22
341132.83 6837671.21 671.86
341108.85 6837663.43 690.54
341126.55 6837678.80 680.74
341178.89 6837714.93 657.40
341120.59 6837687.60 676.39
341132.90 6837702.18 667.65
341167.91 6837730.60 649.91
341125.66 6837713.49 671.17
341176.83 6837749.84 656.72
341126.57 6837729.32 675.39
341164.18 6837758.55 649.97
341147.99 6837759.55 667.07
341118.73 6837758.14 673.12
341158.88 6837890.56 651.11
341142.43 6837865.86 650.74
341144.71 6837851.28 660.87
341141.39 6837837.71 656.57
341174.22 6837842.34 653.79
341162.03 6837766.46 649.92
341168.81 6837787.90 650.35
341141.59 6837781.92 656.76
341118.40 6837780.65 674.80
341140.44 6837803.73 656.26
341151.10 6837821.77 663.22
341211.59 6837929.53 621.35
341180.65 6837904.08 635.78
341199.19 6837907.16 623.21
341221.30 6837906.87 612.95
341157.57 6837906.71 648.68
341231.21 6837954.26 614.43
341207.19 6837946.36 625.53
341167.59 6837929.72 640.58
341229.22 6837970.19 597.93
341181.24 6837949.12 618.62
341221.50 6837976.94 605.67
341184.39 6837962.36 620.98
341201.90 6837978.02 618.26
341194.19 6837981.32 618.12
341181.05 6837982.57 611.58
341137.05 6837968.50 639.93
341237.78 6837975.12 594.94
341245.55 6837950.08 598.97
341249.39 6837942.70 601.61
341252.06 6837936.76 607.67
341308.26 6837962.79 580.47
341249.00 6837921.15 605.51
341251.17 6837915.73 603.40
341308.93 6837942.48 583.37
341264.31 6837910.15 603.80
341290.66 6837919.04 594.25
341277.58 6837903.76 598.12
341296.27 6837905.07 597.03
341311.09 6837900.90 587.35
341266.84 6837968.84 594.09
341131.34 6837905.79 649.31
341144.02 6838198.50 574.93
341109.29 6838198.67 596.05
341272.10 6838182.35 588.75
341252.00 6838191.13 592.00
341238.11 6838196.85 586.67
341329.14 6838177.32 593.73
341298.86 6838188.35 601.06
341331.48 6838197.08 616.57
341159.98 6838198.32 574.25
341265.69 6838195.34 583.92
341220.80 6838197.22 568.12
341300.39 6838192.75 601.71
341352.75 6838195.31 598.28
341324.74 6838197.92 615.95
341209.81 6838189.15 564.83
341200.16 6838197.01 571.71
341322.99 6838181.76 608.12
341264.15 6838185.51 570.85
341280.93 6838191.46 581.45
341277.12 6838195.50 589.45
341248.13 6838193.78 580.63
341196.15 6838196.03 565.93
341341.25 6838187.08 598.61
341305.08 6838181.71 593.30
341298.29 6838190.45 587.37
341264.22 6838183.25 580.24
341263.49 6838197.91 591.67
341358.49 6838176.91 593.71
341377.41 6838185.54 595.17
341403.84 6838196.49 592.77
341533.77 6838173.36 563.60
341532.96 6838167.65 549.66
341488.06 6838172.00 576.74
341515.71 6838177.38 553.44
341505.80 6838180.42 567.77
341503.32 6838183.49 557.43
341488.60 6838186.46 562.20
341529.71 6838191.71 551.06
341476.72 6838190.39 578.00
341423.16 6838191.00 599.30
341511.28 6838200.00 563.49
341379.32 6838178.06 609.39
341590.34 6838163.28 549.50
341568.31 6838172.81 544.96
341567.91 6838181.27 542.49
341554.84 6838191.08 546.74
341364.90 6838198.67 599.03
341373.66 6838174.16 592.44
341390.49 6838171.73 590.35
341382.29 6838189.60 596.25
341433.07 6838181.79 580.14
341463.43 6838189.55 570.00
341468.69 6838185.93 568.08
341497.37 6838196.66 566.16
341462.18 6838165.92 582.14
341498.54 6838180.74 559.12
341525.21 6838188.49 552.32
341496.24 6838161.96 558.45
341517.81 6838164.91 552.78
341549.56 6838165.22 545.33
341568.92 6838193.83 542.81
341573.17 6838182.81 541.82
341591.53 6838182.91 538.56
341586.56 6838168.25 543.80
341373.87 6838176.64 592.58
341402.81 6838173.38 588.46
341402.93 6838189.28 591.71
341366.90 6838186.30 596.18
341417.63 6838184.70 588.59
341383.49 6838184.32 607.78
341368.32 6838082.32 567.43
341401.68 6838077.97 563.71
341362.52 6838066.73 561.59
341389.82 6838061.34 548.49
341399.89 6838055.97 540.36
341355.46 6838046.74 560.00
341352.93 6838040.63 565.34
341387.67 6838036.88 546.17
341394.02 6838031.08 546.25
341357.06 6838021.49 554.01
341393.58 6838018.15 552.05
341340.06 6838007.44 560.75
341345.06 6838001.51 562.09
341383.55 6837997.01 570.06
341374.70 6837989.45 557.03
341362.73 6837981.93 563.73
341356.33 6837975.83 563.72
341452.52 6838082.59 579.56
341477.22 6838077.30 564.49
341537.36 6838077.77 544.77
341438.78 6838067.15 566.85
341491.88 6838066.76 567.60
341483.87 6838062.91 556.71
341448.29 6838056.72 553.50
341528.30 6838058.39 531.12
341495.57 6838053.15 545.05
341436.12 6838046.23 566.93
341502.16 6838047.80 542.45
341462.04 6838042.18 562.94
341443.17 6838037.67 548.42
341472.05 6838035.63 559.32
341453.28 6838031.36 557.33
341434.12 6838026.97 548.96
341515.40 6838029.21 544.57
341500.58 6838025.28 529.62
341486.20 6838020.13 531.32
341472.40 6838016.12 545.73
341436.96 6838010.96 541.84
341504.37 6838012.60 539.55
341478.26 6838007.63 537.06
341434.04 6838001.82 546.14
341493.73 6838002.70 534.42
341447.19 6837996.65 543.86
341437.10 6837992.32 556.82
341531.32 6837994.94 548.14
341493.48 6837989.38 541.55
341449.41 6837983.14 548.94
341427.41 6837978.88 563.11
341426.70 6837975.33 560.64
341496.54 6837977.27 543.72
341444.69 6837971.01 564.11
341448.99 6837967.98 559.70
341498.71 6837967.50 553.09
341515.72 6837960.19 542.96
341570.78 6838068.75 538.54
341599.79 6838061.12 540.12
341564.21 6838049.82 541.73
341576.21 6838042.67 521.53
341599.59 6838034.92 524.38
341548.06 6838022.08 538.47
341580.92 6838016.14 525.38
341597.59 6838009.27 515.30
341544.27 6837998.42 539.09
341575.86 6837993.34 525.14
341581.45 6837987.00 527.27
341569.21 6837979.10 529.74
341551.26 6837970.55 535.92
341566.05 6837964.15 532.91
341576.55 6837956.70 537.45
341377.39 6838159.53 588.47
341388.90 6838150.96 584.94
341406.27 6838143.59 582.49
341411.60 6838136.81 590.46
341389.67 6838127.50 578.09
341384.78 6838118.73 589.28
341372.97 6838108.70 563.56
341363.76 6838088.56 568.27
341367.08 6838094.96 554.21
341399.57 6838105.00 582.27
341455.95 6838163.29 570.02
341509.71 6838160.11 554.79
341467.28 6838152.90 566.31
341433.89 6838147.36 580.52
341460.34 6838145.00 584.14
341538.01 6838145.85 548.18
341497.53 6838139.90 557.59
341493.26 6838135.81 563.22
341452.54 6838129.30 567.82
341440.15 6838124.47 572.84
341506.49 6838124.79 556.10
341522.21 6838122.14 553.21
341513.51 6838117.86 554.52
341428.68 6838107.99 581.94
341471.89 6838083.00 560.30
341489.52 6838088.58 575.63
341505.14 6838092.82 567.21
341520.42 6838097.58 553.50
341501.63 6838100.81 556.19
341474.27 6838102.74 575.71
341512.31 6838109.45 553.79
341366.19 6838160.15 609.33
341556.09 6838121.33 556.17
341571.06 6838081.67 538.66
341595.78 6838093.79 534.59
341549.99 6838099.28 553.04
341563.06 6838110.30 542.28
341557.94 6838135.29 543.35
341570.87 6838145.05 541.47
341356.80 6838086.80 552.70
341346.83 6838060.35 546.81
341375.58 6838067.66 547.78
341382.88 6838064.20 550.18
341352.17 6838040.16 563.58
341393.67 6838058.52 540.39
341377.04 6838041.92 545.36
341411.25 6838057.00 564.90
341344.21 6838008.85 558.85
341371.97 6838018.05 560.24
341412.17 6838035.55 554.78
341339.56 6837985.66 566.25
341368.11 6837996.42 559.04
341360.96 6837985.18 565.67
341372.35 6837984.19 562.12
341398.02 6837990.41 554.75
341398.94 6837978.91 568.83
341429.60 6838076.14 562.02
341449.93 6838074.75 570.94
341425.44 6838051.39 539.80
341421.64 6838042.15 554.23
341478.29 6838069.66 575.94
341486.66 6838068.95 556.34
341459.73 6838047.20 546.42
341416.77 6838017.24 545.50
341422.04 6838016.42 542.93
341433.33 6838018.97 557.39
341500.23 6838055.59 555.38
341460.79 6838028.43 546.80
341444.86 6838015.50 550.62
341420.55 6837998.46 553.80
341531.75 6838061.69 544.66
341491.47 6838033.99 540.78
341468.36 6838017.05 546.63
341470.74 6838015.66 547.36
341468.29 6838011.91 553.47
341449.30 6837997.42 542.65
341535.97 6838046.11 542.10
341450.04 6837991.12 556.34
341454.10 6837989.46 546.26
341455.60 6837987.69 552.41
341514.56 6838019.48 541.60
341527.00 6838022.92 543.40
341466.01 6837982.77 551.97
341538.37 6837974.40 534.46
341512.52 6837970.46 540.51
341530.77 6837988.81 544.42
341516.84 6837988.25 540.53
341532.59 6838001.38 529.34
341516.02 6837997.10 536.17
341468.51 6837974.70 560.24
341522.92 6838011.85 549.09
341548.83 6838078.44 542.61
341572.31 6838066.09 538.56
341546.71 6838041.88 532.52
341580.74 6838052.28 528.71
341562.75 6838031.81 520.95
341557.57 6838019.24 537.41
341551.63 6838008.36 539.73
341550.30 6837999.08 538.75
341553.04 6837992.99 525.81
341553.78 6837985.43 534.13
341582.37 6837994.85 526.29
341579.85 6837985.14 529.05
341577.36 6837975.90 529.38
341576.48 6837965.03 524.80
341582.79 6837956.32 535.01
341374.83 6838163.59 589.75
341406.25 6838167.69 595.63
341403.79 6838156.77 585.53
341414.53 6838155.33 582.60
341374.53 6838123.48 573.87
341351.25 6838100.87 551.36
341361.32 6838099.96 557.82
341398.63 6838114.19 572.84
341386.66 6838096.68 556.47
341408.19 6838095.67 574.21
341449.15 6838163.53 590.53
341443.63 6838148.40 580.18
341461.90 6838150.26 566.77
341438.49 6838129.30 571.36
341431.93 6838119.79 572.15
341458.51 6838129.01 583.10
341472.67 6838131.95 564.58
341519.04 6838154.55 552.57
341478.52 6838125.46 563.23
341529.68 6838151.10 551.36
341452.79 6838102.11 577.65
341526.37 6838140.09 552.86
341542.55 6838146.01 547.19
341502.84 6838117.50 556.20
341539.28 6838134.62 548.45
341498.11 6838103.97 556.38
341519.83 6838111.35 566.19
341487.05 6838084.26 568.51
341533.82 6838104.14 551.55
341519.67 6838087.30 550.62
341547.90 6838083.57 551.49
341588.73 6838079.89 534.83
341566.82 6838082.92 554.61
341599.21 6838112.25 532.12
341561.39 6838099.88 542.14
341598.30 6838131.11 540.64
341582.51 6838131.56 553.84
341560.81 6838127.42 555.48
341571.17 6838145.32 541.40
341357.46 6837991.14 562.87
341460.39 6837970.61 553.81
341482.17 6837972.08 559.59
341487.21 6837976.59 545.98
341386.96 6837977.91 566.31
341482.65 6837986.10 542.28
341384.74 6837986.18 566.53
341461.00 6837994.17 542.38
341370.59 6837994.40 568.52
341481.62 6838004.51 549.15
341409.41 6838006.94 564.49
341361.73 6838134.44 596.82
341357.97 6838114.14 562.08
341348.61 6838095.16 569.94
341360.18 6838078.29 553.28
341352.31 6838055.03 546.83
341363.91 6838014.66 569.90
341352.96 6838034.27 562.64
341407.13 6838134.80 590.60
341422.21 6838125.77 575.11
341426.81 6838117.77 573.31
341400.77 6838108.66 583.83
341417.49 6838102.49 582.67
341390.59 6838095.39 576.46
341428.92 6838089.71 559.71
341399.23 6838083.29 576.94
341462.31 6838079.12 562.96
341400.99 6838071.77 563.10
341435.96 6838067.36 551.63
341399.13 6838059.84 540.63
341407.41 6838054.96 565.89
341428.44 6838051.52 544.31
341434.28 6838046.44 539.10
341436.30 6838010.99 541.80
341385.11 6838014.60 553.33
341471.28 6838024.34 551.07
341431.46 6838028.39 537.38
341451.44 6838034.52 559.66
341450.02 6838039.15 546.53
341373.64 6838148.88 591.64
341430.95 6838142.86 576.21
341421.61 6838155.88 581.60
341346.97 6838010.82 557.77
341343.86 6837984.68 568.00
341385.89 6838009.81 557.20
341390.83 6837994.19 555.13
341409.87 6837994.92 555.11
341404.55 6837981.86 554.68
341423.36 6837984.15 571.10
341439.92 6837985.02 556.86
341429.48 6837970.36 569.47
341485.11 6837992.95 547.34
341472.70 6837971.59 562.07
341355.49 6838140.00 575.83
341374.70 6838129.96 591.20
341376.07 6838113.66 565.66
341370.71 6838092.79 566.50
341356.25 6838064.21 545.03
341345.69 6838039.79 557.44
341364.54 6838034.78 555.33
341380.68 6838131.08 581.49
341416.28 6838136.85 585.59
341412.11 6838123.98 578.14
341385.73 6838100.69 566.04
341429.84 6838118.49 572.85
341441.54 6838117.48 570.68
341395.78 6838085.05 569.82
341393.48 6838077.27 555.03
341379.98 6838062.98 546.04
341386.57 6838059.66 553.96
341379.07 6838049.85 551.98
341403.35 6838057.16 550.48
341411.52 6838045.74 549.03
341407.22 6838037.83 546.84
341390.97 6838022.34 558.28
341459.65 6838056.36 568.35
341430.17 6838031.61 545.85
341421.38 6838019.06 547.08
341468.82 6838037.65 555.11
341445.88 6838012.60 539.56
341487.90 6838015.87 542.07
341431.21 6838065.28 565.38
341370.67 6838146.31 598.81
341356.68 6838162.95 589.58
341398.54 6838144.66 596.63
341392.86 6838161.55 588.20
341349.69 6837620.00 594.02
341356.05 6837607.21 592.36
341359.84 6837631.14 587.73
341368.11 6837641.57 594.99
341393.10 6837651.97 576.85
341347.47 6837658.24 595.76
341374.00 6837668.07 594.04
341335.82 6837674.16 595.79
341380.87 6837684.25 592.40
341380.41 6837691.79 582.39
341507.67 6837632.11 545.62
341446.58 6837625.16 567.22
341426.80 6837620.67 572.48
341464.15 6837618.94 568.53
341499.04 6837618.39 562.38
341491.44 6837614.34 568.72
341392.13 6837605.95 581.33
341417.17 6837603.85 582.19
341478.05 6837603.56 555.14
341409.15 6837629.26 584.51
341392.56 6837631.84 591.96
341468.32 6837639.06 561.52
341455.93 6837641.35 576.12
341479.62 6837646.75 556.34
341522.72 6837651.98 552.69
341499.44 6837654.27 558.61
341414.71 6837652.20 584.48
341479.85 6837658.82 572.17
341524.51 6837665.28 543.22
341440.67 6837664.01 573.04
341503.22 6837670.81 555.71
341485.57 6837673.27 569.22
341479.69 6837676.50 568.29
341451.35 6837678.50 565.62
341523.03 6837685.98 559.66
341441.37 6837684.61 577.14
341427.54 6837689.26 573.95
341343.52 6837820.47 584.81
341393.88 6837817.44 574.53
341367.58 6837808.30 586.77
341363.59 6837802.00 598.58
341389.63 6837797.40 577.77
341371.62 6837789.94 589.84
341363.35 6837784.86 595.31
341359.74 6837777.78 593.78
341346.03 6837770.86 589.53
341361.51 6837764.04 582.88
341335.87 6837755.11 594.92
341337.39 6837747.85 594.91
341343.20 6837741.84 593.75
341385.77 6837736.77 580.21
341324.80 6837725.60 598.36
341375.18 6837721.60 584.03
341349.52 6837697.80 588.34
341357.41 6837704.77 585.96
341360.64 6837712.62 589.25
341413.69 6837821.17 567.67
341429.43 6837814.71 568.14
341507.04 6837814.93 544.96
341489.97 6837810.53 553.05
341470.56 6837806.35 553.95
341430.91 6837800.79 564.45
341529.33 6837803.39 537.62
341496.15 6837797.79 546.73
341478.37 6837793.44 561.83
341473.57 6837790.16 563.65
341459.30 6837785.72 558.36
341443.64 6837781.51 563.57
341449.28 6837778.48 562.19
341422.87 6837773.54 569.33
341413.85 6837769.45 570.25
341528.33 6837772.22 548.44
341523.34 6837768.36 543.42
341484.47 6837762.57 555.81
341485.73 6837758.96 552.80
341527.70 6837757.63 554.68
341508.85 6837752.93 546.26
341423.02 6837743.50 571.83
341426.13 6837739.91 569.18
341431.76 6837736.93 567.79
341473.50 6837735.88 569.18
341500.74 6837733.73 548.52
341496.79 6837730.24 556.61
341519.62 6837728.57 547.60
341481.71 6837691.46 567.08
341492.09 6837697.31 561.57
341459.17 6837698.89 571.72
341411.78 6837698.64 583.95
341400.61 6837701.62 578.44
341506.25 6837710.56 558.15
341492.98 6837713.43 566.99
341514.27 6837718.06 548.06
341499.59 6837720.40 564.27
341455.97 6837721.67 564.61
341386.33 6837955.49 567.86
341397.45 6837828.70 572.41
341329.11 6837830.61 586.17
341393.63 6837841.65 568.34
341374.86 6837847.96 574.53
341374.90 6837853.86 573.50
341382.27 6837862.02 572.34
341366.61 6837867.89 578.13
341394.64 6837876.89 569.79
341389.42 6837883.56 570.05
341340.86 6837887.05 581.55
341381.93 6837897.23 573.01
341361.86 6837902.49 571.69
341362.83 6837909.05 572.57
341383.24 6837917.52 572.89
341372.15 6837923.03 574.55
341380.47 6837930.15 565.34
341354.56 6837935.86 569.90
341367.08 6837944.60 567.71
341521.85 6837822.35 546.40
341511.88 6837827.52 543.26
341501.92 6837830.25 562.43
341476.74 6837832.32 551.32
341522.64 6837838.06 556.41
341442.77 6837835.91 559.68
341440.99 6837839.48 559.64
341512.66 6837846.56 559.85
341501.75 6837849.48 544.01
341419.50 6837847.01 574.35
341463.18 6837853.00 570.64
341433.58 6837854.77 561.79
341495.61 6837861.30 546.91
341433.59 6837861.26 557.62
341528.74 6837870.44 545.32
341471.06 6837870.30 564.83
341474.52 6837874.11 549.71
341487.14 6837878.63 548.57
341434.47 6837879.22 556.37
341423.18 6837881.95 565.72
341483.33 6837889.02 546.56
341474.24 6837892.17 551.67
341448.86 6837894.04 555.17
341450.15 6837897.83 569.14
341515.25 6837905.04 543.09
341522.27 6837908.99 543.11
341413.46 6837905.51 570.41
341463.63 6837912.07 554.30
341460.63 6837915.62 551.01
341452.28 6837918.99 550.65
341484.69 6837924.30 549.86
341489.88 6837928.18 556.05
341514.55 6837933.65 544.13
341472.05 6837934.96 547.67
341492.97 6837939.49 553.67
341427.83 6837939.62 557.34
341441.98 6837945.02 569.82
341424.75 6837951.59 554.88
341367.80 6837964.96 568.25
341359.09 6837957.54 567.19
341436.52 6837961.98 558.04
341446.90 6837955.67 558.62
341494.89 6837953.02 563.50
341330.74 6837772.01 604.04
341331.15 6837746.76 612.17
341327.27 6837724.96 613.33
341317.50 6837708.23 598.21
341325.51 6837693.80 604.78
341311.81 6837680.98 604.54
341309.98 6837666.98 619.55
341351.54 6837657.71 603.61
341322.37 6837645.67 604.11
341327.72 6837635.52 602.33
341309.28 6837626.39 612.27
341350.33 6837605.24 614.96
341326.33 6837611.62 603.67
341382.09 6837622.57 602.06
341528.92 6837680.31 542.90
341595.87 6837608.24 519.89
341539.46 6837611.01 535.88
341587.72 6837620.07 530.34
341538.00 6837623.69 534.35
341574.79 6837632.00 521.37
341527.56 6837635.64 542.38
341553.26 6837642.84 536.44
341539.68 6837647.98 545.53
341599.09 6837657.00 534.06
341532.32 6837658.70 539.29
341539.75 6837665.26 536.34
341559.38 6837673.22 527.76
341534.70 6837678.05 540.90
341540.61 6837808.53 549.08
341558.00 6837801.99 546.37
341543.37 6837795.27 538.35
341582.90 6837790.58 545.82
341551.34 6837783.03 543.27
341551.99 6837775.85 548.68
341567.26 6837768.91 544.13
341586.15 6837762.59 542.90
341590.49 6837754.42 543.70
341593.75 6837747.41 535.80
341539.79 6837735.92 543.41
341569.10 6837728.74 536.42
341582.00 6837719.92 533.64
341581.66 6837712.50 532.44
341596.75 6837705.92 526.13
341527.66 6837694.89 550.67
341583.12 6837691.21 525.26
341547.25 6837942.67 541.52
341599.87 6837939.53 526.76
341594.11 6837932.56 535.85
341596.78 6837925.56 522.02
341585.00 6837917.29 532.92
341599.96 6837821.05 534.85
341538.06 6837824.42 537.22
341576.80 6837832.40 546.49
341568.42 6837838.83 549.69
341584.44 6837846.60 534.83
341542.89 6837850.11 536.00
341595.66 6837859.93 542.07
341541.61 6837862.69 553.79
341582.20 6837870.93 545.86
341594.43 6837878.48 530.23
341552.37 6837882.40 537.30
341574.79 6837890.75 533.98
341548.16 6837896.47 544.82
341553.88 6837903.92 538.43
341569.00 6837911.71 554.29
341570.04 6837947.08 535.28
341361.42 6837653.32 587.37
341383.74 6837657.30 586.05
341367.36 6837637.14 592.77
341388.22 6837637.85 581.67
341351.95 6837600.52 596.13
341385.23 6837601.62 589.05
341346.82 6837651.93 595.75
341395.60 6837689.93 577.61
341337.99 6837666.07 591.81
341425.18 6837690.87 584.25
341429.50 6837683.17 581.18
341401.36 6837657.74 589.08
341412.12 6837657.60 578.22
341436.32 6837665.94 579.52
341480.10 6837685.56 557.05
341436.84 6837654.72 573.72
341439.79 6837651.81 568.08
341442.56 6837649.72 571.18
341473.69 6837664.05 563.99
341512.36 6837682.98 553.59
341420.14 6837623.64 578.68
341412.36 6837615.88 575.34
341465.72 6837644.00 571.09
341460.07 6837637.23 569.72
341478.05 6837643.68 572.47
341485.16 6837644.17 554.26
341422.71 6837603.06 575.77
341499.62 6837644.92 554.19
341514.31 6837648.14 544.73
341469.37 6837616.41 569.21
341506.24 6837632.11 555.44
341472.60 6837605.63 570.28
341482.82 6837603.34 560.85
341503.26 6837602.61 555.48
341324.63 6837820.54 588.81
341344.29 6837812.08 587.70
341378.59 6837822.40 575.23
341337.44 6837789.79 594.41
341332.68 6837778.31 598.64
341399.64 6837811.61 580.72
341364.76 6837784.44 585.72
341384.04 6837789.91 578.24
341343.08 6837759.62 592.89
341364.09 6837764.22 581.48
341381.57 6837767.00 581.64
341337.19 6837734.65 594.14
341372.87 6837747.97 588.27
341356.84 6837730.89 593.15
341361.03 6837726.65 590.28
341342.34 6837708.09 591.86
341398.48 6837734.11 580.39
341396.16 6837724.12 579.31
341370.29 6837699.39 589.09
341417.09 6837822.19 568.27
341410.54 6837802.98 576.36
341407.64 6837791.74 571.23
341412.49 6837786.90 579.71
341401.15 6837774.46 586.79
341469.01 6837808.54 555.43
341478.36 6837808.85 562.26
341429.73 6837775.17 567.15
341411.56 6837760.03 573.21
341510.65 6837815.47 543.31
341441.09 6837769.68 577.54
341517.92 6837812.64 540.04
341468.12 6837779.90 556.41
341420.42 6837748.54 570.55
341507.74 6837797.72 554.98
341474.92 6837774.67 560.75
341431.31 6837745.42 566.84
341409.58 6837729.62 578.62
341511.66 6837787.69 547.37
341467.18 6837758.09 558.92
341444.58 6837741.49 568.45
341449.23 6837707.80 572.73
341518.09 6837745.76 553.19
341504.38 6837732.40 547.69
341471.74 6837707.74 569.72
341499.37 6837718.46 562.79
341508.57 6837717.69 563.29
341486.20 6837696.21 556.68
341504.82 6837695.97 564.94
341436.69 6837701.13 579.17
341450.97 6837713.39 565.04
341433.60 6837706.69 568.98
341463.15 6837728.86 572.63
341436.74 6837716.64 568.63
341443.92 6837724.61 565.62
341498.82 6837760.68 558.70
341398.73 6837703.90 584.89
341431.55 6837726.34 570.19
341487.96 6837763.74 560.49
341363.38 6837952.61 567.60
341381.39 6837952.55 564.17
341385.71 6837947.17 567.61
341375.46 6837935.27 566.49
341372.25 6837925.96 566.18
341398.43 6837842.41 569.77
341399.69 6837855.88 567.96
341377.78 6837852.63 577.35
341380.88 6837862.77 572.93
341331.67 6837840.24 587.08
341405.81 6837891.58 564.92
341383.29 6837883.32 577.40
341396.59 6837898.39 570.68
341371.44 6837889.63 573.68
341364.52 6837890.90 572.80
341402.08 6837920.72 572.66
341384.08 6837914.14 568.73
341344.58 6837896.65 577.34
341331.85 6837896.05 583.78
341528.23 6837820.94 546.45
341528.97 6837838.72 552.77
341502.56 6837833.54 543.21
341488.31 6837831.81 546.99
341460.41 6837821.68 556.22
341483.09 6837840.70 559.23
341475.77 6837841.35 563.10
341514.28 6837868.92 546.85
341530.35 6837882.71 544.74
341532.59 6837887.56 541.37
341534.78 6837893.54 544.02
341473.76 6837860.84 552.24
341428.14 6837837.30 574.23
341454.96 6837857.62 557.37
341524.15 6837902.84 542.90
341431.23 6837850.92 568.26
341451.85 6837866.77 565.89
341532.88 6837919.15 553.07
341433.05 6837863.36 570.30
341474.39 6837891.50 550.07
341498.11 6837909.37 543.28
341490.97 6837909.38 548.14
341533.53 6837937.88 541.80
341427.94 6837878.22 557.38
341442.20 6837890.41 558.61
341413.27 6837876.79 568.62
341462.75 6837910.15 551.52
341456.23 6837910.50 551.23
341417.14 6837890.97 559.44
341492.35 6837940.48 549.09
341467.85 6837930.77 547.60
341420.61 6837907.30 557.74
341455.31 6837933.29 553.76
341413.22 6837914.92 571.67
341458.41 6837950.96 563.21
341442.64 6837950.73 565.29
341340.88 6837969.38 572.41
341362.66 6837959.33 566.13
341395.04 6837958.80 559.74
341538.04 6837948.32 539.37
341487.63 6837954.30 546.17
341444.39 6837957.13 554.09
341323.94 6837767.13 609.33
341337.06 6837748.90 607.06
341328.71 6837722.08 611.00
341319.61 6837699.47 613.87
341319.43 6837687.28 612.21
341339.55 6837687.16 609.59
341337.92 6837676.26 597.88
341322.22 6837653.84 604.75
341313.83 6837636.50 610.31
341330.44 6837636.79 607.97
341337.86 6837608.50 616.00
341337.88 6837618.17 605.36
341320.11 6837616.91 604.15
341319.92 6837625.77 618.60
341529.77 6837671.26 550.98
341536.78 6837662.91 545.02
341556.65 6837665.74 535.53
341549.47 6837654.57 543.78
341531.76 6837637.34 545.09
341536.31 6837632.40 545.03
341530.32 6837623.47 552.98
341529.57 6837616.21 551.51
341590.88 6837606.59 529.13
341590.01 6837621.93 527.88
341565.29 6837616.94 530.62
341564.16 6837623.86 528.87
341591.61 6837646.17 518.67
341533.47 6837798.93 538.02
341572.63 6837810.33 536.75
341576.86 6837805.04 545.91
341598.88 6837811.01 533.95
341583.06 6837793.95 552.42
341550.92 6837769.35 558.21
341579.90 6837779.37 540.31
341570.59 6837766.80 544.31
341553.62 6837748.92 540.05
341544.11 6837736.41 541.49
341582.54 6837751.33 545.03
341586.07 6837743.81 547.00
341546.56 6837711.66 537.98
341598.15 6837733.81 534.83
341576.88 6837712.70 533.39
341598.58 6837715.84 530.74
341590.53 6837693.51 524.20
341543.70 6837930.30 541.11
341584.46 6837942.32 526.13
341576.72 6837930.27 533.53
341553.04 6837908.89 539.35
341572.03 6837912.51 538.79
341593.04 6837919.02 540.97
341599.97 6837915.54 533.61
341558.58 6837884.50 548.42
341552.29 6837873.16 546.90
341588.52 6837888.30 537.00
341561.50 6837863.51 539.86
341550.09 6837850.70 536.45
341579.43 6837815.10 537.61
341588.02 6837832.88 535.24
341553.56 6837821.71 536.16
341586.48 6837848.16 551.71
341550.88 6837832.67 546.37
341598.39 6837867.89 529.21
341562.97 6837853.27 537.24
341313.58 6837621.88 603.93
341327.25 6837608.24 610.82
341381.69 6837614.58 591.12
341418.40 6837610.55 581.19
341399.31 6837605.06 586.30
341414.97 6837600.88 578.68
341338.31 6837630.81 600.33
341320.57 6837642.87 618.23
341331.94 6837657.36 607.02
341334.77 6837672.21 609.36
341340.35 6837686.28 605.17
341327.69 6837698.98 607.42
341342.26 6837713.69 603.89
341330.21 6837726.85 597.28
341340.57 6837740.42 594.46
341459.93 6837616.64 561.95
341473.29 6837624.37 575.90
341361.85 6837624.54 587.91
341474.02 6837633.02 557.51
341434.44 6837636.00 583.01
341426.22 6837639.19 572.53
341468.79 6837645.36 569.32
341416.43 6837648.10 583.17
341377.93 6837650.53 586.53
341392.03 6837655.20 591.13
341416.63 6837659.55 581.94
341452.09 6837665.27 570.39
341435.68 6837668.42 570.32
341450.68 6837673.43 573.38
341361.08 6837674.20 602.08
341379.98 6837678.14 598.63
341435.39 6837684.73 569.77
341386.96 6837686.39 578.17
341354.49 6837688.61 593.73
341457.59 6837696.36 577.12
341417.21 6837698.70 579.83
341402.80 6837703.67 584.96
341377.55 6837705.90 585.34
341354.00 6837709.76 588.29
341464.99 6837718.16 561.98
341395.34 6837719.10 579.03
341429.08 6837724.86 570.18
341395.31 6837728.18 583.22
341400.53 6837732.08 580.52
341438.48 6837737.79 572.24
341365.80 6837739.67 598.92
341398.68 6837747.20 576.34
341341.18 6837867.70 584.41
341341.34 6837848.31 584.30
341335.58 6837829.81 589.35
341354.11 6837811.99 585.50
341324.56 6837795.32 596.51
341330.60 6837779.38 595.13
341333.97 6837763.74 595.36
341376.42 6837878.52 571.88
341368.46 6837870.35 573.43
341410.36 6837867.51 574.38
341433.56 6837864.81 557.95
341415.09 6837858.86 565.10
341443.73 6837855.47 569.97
341473.14 6837852.20 553.01
341370.42 6837843.94 575.61
341468.50 6837844.29 567.13
341473.66 6837840.16 552.81
341364.35 6837830.93 582.59
341362.45 6837826.77 582.33
341479.80 6837827.78 549.98
341469.78 6837822.65 567.02
341457.52 6837817.71 557.55
341479.55 6837813.58 558.57
341475.49 6837809.73 566.49
341441.59 6837803.33 563.19
341410.03 6837797.36 569.25
341477.35 6837796.25 560.84
341393.11 6837788.12 583.86
341363.37 6837781.67 586.61
341470.00 6837782.02 555.81
341416.26 6837774.88 569.96
341353.74 6837768.31 593.08
341440.72 6837767.59 571.31
341373.76 6837760.70 591.13
341454.04 6837760.08 573.45
341439.04 6837754.97 567.17
341461.71 6837751.84 559.87
341493.51 6837609.35 555.42
341578.29 6837602.58 529.50
341586.05 6837663.37 521.62
341587.68 6837614.15 534.08
341493.36 6837615.98 566.97
341537.21 6837622.99 544.75
341550.73 6837629.25 530.19
341554.63 6837635.21 532.17
341490.20 6837638.01 553.77
341527.04 6837645.27 548.15
341526.94 6837650.29 549.39
341527.50 6837655.90 540.70
341550.23 6837662.07 530.97
341536.41 6837666.36 546.21
341563.49 6837673.97 540.00
341539.67 6837678.46 548.76
341576.70 6837685.31 525.62
341532.56 6837690.04 558.39
341506.01 6837694.14 550.66
341517.46 6837700.72 547.85
341531.35 6837707.31 543.12
341542.37 6837714.46 540.83
341549.72 6837721.91 538.78
341562.74 6837730.65 537.13
341534.85 6837738.54 544.41
341504.19 6837860.09 548.97
341518.17 6837847.68 554.27
341524.02 6837837.06 559.68
341531.08 6837825.95 550.65
341504.61 6837814.55 545.36
341521.65 6837805.33 549.06
341508.66 6837795.70 546.99
341491.78 6837785.34 554.53
341531.02 6837778.35 541.88
341569.07 6837741.48 536.18
341554.92 6837749.10 549.64
341561.36 6837760.46 535.82
341549.13 6837767.02 547.47
341347.31 6837956.64 568.25
341348.34 6837936.48 576.54
341349.94 6837915.88 573.90
341340.43 6837892.16 586.02
341411.27 6837966.83 558.64
341435.68 6837960.00 558.64
341478.57 6837957.58 549.21
341485.60 6837953.18 546.39
341440.83 6837946.42 563.76
341369.09 6837938.82 567.85
341374.26 6837934.78 566.51
341448.90 6837933.04 565.49
341425.65 6837927.17 557.48
341380.15 6837920.65 565.51
341405.00 6837917.29 566.29
341422.59 6837913.86 562.62
341448.72 6837909.93 557.42
341464.47 6837905.85 552.16
341441.25 6837900.08 556.48
341466.36 6837896.78 556.54
341419.42 6837890.55 566.32
341412.10 6837886.33 577.24
341397.72 6837879.91 573.78
341374.57 6837969.50 567.58
341506.68 6837904.52 556.59
341514.91 6837885.72 544.94
341499.56 6837947.46 546.03
341315.81 6837607.83 614.44
341352.38 6837610.75 612.17
341364.08 6837601.53 588.35
341409.62 6837609.55 580.41
341436.95 6837602.33 569.59
341318.88 6837740.66 611.48
341332.06 6837632.86 600.56
341321.72 6837638.72 606.09
341336.14 6837660.86 611.49
341341.08 6837677.31 589.05
341331.84 6837684.82 596.42
341328.04 6837695.07 604.46
341324.31 6837705.98 596.83
341347.61 6837732.92 607.86
341350.35 6837747.54 590.41
341445.98 6837619.92 572.07
341471.83 6837645.99 574.05
341454.00 6837645.05 574.41
341461.34 6837655.59 572.70
341469.15 6837666.79 561.48
341416.20 6837641.91 581.86
341371.97 6837620.80 594.24
341409.28 6837647.28 577.67
341461.49 6837681.56 563.57
341471.86 6837691.55 563.01
341456.64 6837686.89 571.90
341369.67 6837640.93 587.79
341443.24 6837686.45 568.96
341457.14 6837699.15 576.05
341347.37 6837639.10 611.03
341375.45 6837659.19 585.30
341446.56 6837703.24 568.24
341413.69 6837688.58 578.91
341384.73 6837676.20 582.09
341401.84 6837690.03 585.65
341458.93 6837726.58 566.14
341458.09 6837730.58 568.05
341444.62 6837726.95 568.88
341418.50 6837716.57 583.52
341409.63 6837714.92 577.05
341375.83 6837700.34 590.31
341438.23 6837741.91 565.44
341365.08 6837704.72 590.40
341352.20 6837703.61 585.91
341376.81 6837725.66 583.06
341390.08 6837740.98 577.98
341366.01 6837739.55 597.68
341348.43 6837878.27 581.30
341343.80 6837854.75 585.71
341332.33 6837829.08 586.63
341328.11 6837807.40 592.20
341350.82 6837804.09 597.97
341348.73 6837789.18 597.23
341318.23 6837758.86 597.99
341343.00 6837757.31 605.68
341363.39 6837857.84 579.54
341373.59 6837850.25 574.04
341357.41 6837831.77 583.89
341421.89 6837860.29 568.93
341445.97 6837868.01 562.11
341398.63 6837835.77 569.68
341418.44 6837841.83 567.84
341459.34 6837860.85 556.53
341405.64 6837826.07 579.33
341378.38 6837806.21 579.39
341370.81 6837797.96 582.31
341474.84 6837852.72 567.68
341476.55 6837849.96 562.61
341470.45 6837842.64 566.24
341354.07 6837772.52 594.92
341394.21 6837792.53 581.98
341415.86 6837800.45 580.25
341419.94 6837798.90 571.90
341446.38 6837809.23 566.76
341481.02 6837748.07 557.05
341461.86 6837756.30 573.60
341467.67 6837770.30 555.66
341439.09 6837762.57 565.13
341403.56 6837748.75 576.07
341438.45 6837774.86 570.94
341418.52 6837769.84 570.91
341379.62 6837752.06 589.97
341449.22 6837797.12 559.21
341441.54 6837797.02 562.38
341419.45 6837788.35 568.14
341495.13 6837603.44 548.65
341597.28 6837607.42 519.68
341495.38 6837738.84 549.62
341520.47 6837734.00 561.03
341510.89 6837717.26 547.69
341511.37 6837708.64 548.22
341592.02 6837623.25 522.22
341549.00 6837614.38 531.72
341555.00 6837630.81 529.55
341509.94 6837611.36 551.51
341528.28 6837629.75 538.20
341523.13 6837632.23 540.82
341514.52 6837633.59 542.92
341569.16 6837670.48 535.38
341492.75 6837630.18 551.99
341534.79 6837659.77 538.46
341502.94 6837647.51 555.61
341527.67 6837666.72 542.81
341480.66 6837645.25 568.16
341540.69 6837685.70 546.86
341499.89 6837667.72 555.33
341492.04 6837669.22 569.55
341504.58 6837682.25 564.99
341549.35 6837714.39 551.28
341503.55 6837695.39 562.57
341562.56 6837736.76 537.20
341510.86 6837860.34 551.27
341490.93 6837834.91 554.40
341517.68 6837836.60 548.65
341495.83 6837811.97 554.45
341492.73 6837800.21 560.59
341507.72 6837798.76 548.95
341523.01 6837798.86 551.73
341536.49 6837798.75 543.97
341510.79 6837774.42 551.18
341505.03 6837764.03 547.04
341501.44 6837752.26 547.22
341521.95 6837754.29 544.96
341544.49 6837752.91 540.32
341347.29 6837972.11 571.24
341358.75 6837953.75 572.48
341336.81 6837920.55 573.92
341358.92 6837913.97 570.75
341357.23 6837890.55 574.25
341367.23 6837943.31 567.74
341399.60 6837951.67 563.74
341367.22 6837924.61 568.42
341430.30 6837952.81 570.62
341418.83 6837939.54 562.50
341407.21 6837927.47 559.54
341439.16 6837940.63 552.63
341389.37 6837905.88 573.40
341381.91 6837897.44 571.80
341484.84 6837951.31 549.55
341423.90 6837911.78 557.86
341474.94 6837936.53 547.51
341489.63 6837939.41 558.62
341481.68 6837929.68 555.17
341435.01 6837897.71 563.11
341489.76 6837920.98 546.49
341431.40 6837880.15 564.33
341473.88 6837893.98 568.00
341490.92 6837885.68 551.51
341504.83 6837878.88 541.43
341509.19 6837901.43 543.71
341501.29 6837921.65 553.86
