330
0 1 13 3 1 -1
0 13 12 22 -1 0
1 2 14 5 3 -1
1 14 13 24 0 2
2 3 15 7 5 -1
2 15 14 26 2 4
3 4 16 9 7 -1
3 16 15 28 4 6
4 5 17 11 9 -1
4 17 16 30 6 8
5 6 18 13 11 -1
5 18 17 32 8 10
6 7 19 15 13 -1
6 19 18 34 10 12
7 8 20 17 15 -1
7 20 19 36 12 14
8 9 21 19 17 -1
8 21 20 38 14 16
9 10 22 21 19 -1
9 22 21 40 16 18
10 11 23 -1 21 -1
10 23 22 42 18 20
12 13 25 25 23 1
12 25 24 44 -1 22
13 14 26 27 25 3
13 26 25 46 22 24
14 15 27 29 27 5
14 27 26 48 24 26
15 16 28 31 29 7
15 28 27 50 26 28
16 17 29 33 31 9
16 29 28 52 28 30
17 18 30 35 33 11
17 30 29 54 30 32
18 19 31 37 35 13
18 31 30 56 32 34
19 20 32 39 37 15
19 32 31 58 34 36
20 21 33 41 39 17
20 33 32 60 36 38
21 22 34 43 41 19
21 34 33 62 38 40
22 23 35 -1 43 21
22 35 34 64 40 42
24 25 37 47 45 23
24 37 36 66 -1 44
25 26 38 49 47 25
25 38 37 68 44 46
26 27 39 51 49 27
26 39 38 70 46 48
27 28 40 53 51 29
27 40 39 72 48 50
28 29 41 55 53 31
28 41 40 74 50 52
29 30 42 57 55 33
29 42 41 76 52 54
30 31 43 59 57 35
30 43 42 78 54 56
31 32 44 61 59 37
31 44 43 80 56 58
32 33 45 63 61 39
32 45 44 82 58 60
33 34 46 65 63 41
33 46 45 84 60 62
34 35 47 -1 65 43
34 47 46 86 62 64
36 37 49 69 67 45
36 49 48 88 -1 66
37 38 50 71 69 47
37 50 49 90 66 68
38 39 51 73 71 49
38 51 50 92 68 70
39 40 52 75 73 51
39 52 51 94 70 72
40 41 53 77 75 53
40 53 52 96 72 74
41 42 54 79 77 55
41 54 53 98 74 76
42 43 55 81 79 57
42 55 54 100 76 78
43 44 56 83 81 59
43 56 55 102 78 80
44 45 57 85 83 61
44 57 56 104 80 82
45 46 58 87 85 63
45 58 57 106 82 84
46 47 59 -1 87 65
46 59 58 108 84 86
48 49 61 91 89 67
48 61 60 110 -1 88
49 50 62 93 91 69
49 62 61 112 88 90
50 51 63 95 93 71
50 63 62 114 90 92
51 52 64 97 95 73
51 64 63 116 92 94
52 53 65 99 97 75
52 65 64 118 94 96
53 54 66 101 99 77
53 66 65 120 96 98
54 55 67 103 101 79
54 67 66 122 98 100
55 56 68 105 103 81
55 68 67 124 100 102
56 57 69 107 105 83
56 69 68 126 102 104
57 58 70 109 107 85
57 70 69 128 104 106
58 59 71 -1 109 87
58 71 70 130 106 108
60 61 73 113 111 89
60 73 72 132 -1 110
61 62 74 115 113 91
61 74 73 134 110 112
62 63 75 117 115 93
62 75 74 136 112 114
63 64 76 119 117 95
63 76 75 138 114 116
64 65 77 121 119 97
64 77 76 140 116 118
65 66 78 123 121 99
65 78 77 142 118 120
66 67 79 125 123 101
66 79 78 144 120 122
67 68 80 127 125 103
67 80 79 146 122 124
68 69 81 129 127 105
68 81 80 148 124 126
69 70 82 131 129 107
69 82 81 150 126 128
70 71 83 -1 131 109
70 83 82 152 128 130
72 73 85 135 133 111
72 85 84 154 -1 132
73 74 86 137 135 113
73 86 85 156 132 134
74 75 87 139 137 115
74 87 86 158 134 136
75 76 88 141 139 117
75 88 87 160 136 138
76 77 89 143 141 119
76 89 88 162 138 140
77 78 90 145 143 121
77 90 89 164 140 142
78 79 91 147 145 123
78 91 90 166 142 144
79 80 92 149 147 125
79 92 91 168 144 146
80 81 93 151 149 127
80 93 92 170 146 148
81 82 94 153 151 129
81 94 93 172 148 150
82 83 95 -1 153 131
82 95 94 174 150 152
84 85 97 157 155 133
84 97 96 176 -1 154
85 86 98 159 157 135
85 98 97 178 154 156
86 87 99 161 159 137
86 99 98 180 156 158
87 88 100 163 161 139
87 100 99 182 158 160
88 89 101 165 163 141
88 101 100 184 160 162
89 90 102 167 165 143
89 102 101 186 162 164
90 91 103 169 167 145
90 103 102 188 164 166
91 92 104 171 169 147
91 104 103 190 166 168
92 93 105 173 171 149
92 105 104 192 168 170
93 94 106 175 173 151
93 106 105 194 170 172
94 95 107 -1 175 153
94 107 106 196 172 174
96 97 109 179 177 155
96 109 108 198 -1 176
97 98 110 181 179 157
97 110 109 200 176 178
98 99 111 183 181 159
98 111 110 202 178 180
99 100 112 185 183 161
99 112 111 204 180 182
100 101 113 187 185 163
100 113 112 206 182 184
101 102 114 189 187 165
101 114 113 208 184 186
102 103 115 191 189 167
102 115 114 210 186 188
103 104 116 193 191 169
103 116 115 212 188 190
104 105 117 195 193 171
104 117 116 214 190 192
105 106 118 197 195 173
105 118 117 216 192 194
106 107 119 -1 197 175
106 119 118 218 194 196
108 109 121 201 199 177
108 121 120 220 -1 198
109 110 122 203 201 179
109 122 121 222 198 200
110 111 123 205 203 181
110 123 122 224 200 202
111 112 124 207 205 183
111 124 123 226 202 204
112 113 125 209 207 185
112 125 124 228 204 206
113 114 126 211 209 187
113 126 125 230 206 208
114 115 127 213 211 189
114 127 126 232 208 210
115 116 128 215 213 191
115 128 127 234 210 212
116 117 129 217 215 193
116 129 128 236 212 214
117 118 130 219 217 195
117 130 129 238 214 216
118 119 131 -1 219 197
118 131 130 240 216 218
120 121 133 223 221 199
120 133 132 242 -1 220
121 122 134 225 223 201
121 134 133 244 220 222
122 123 135 227 225 203
122 135 134 246 222 224
123 124 136 229 227 205
123 136 135 248 224 226
124 125 137 231 229 207
124 137 136 250 226 228
125 126 138 233 231 209
125 138 137 252 228 230
126 127 139 235 233 211
126 139 138 254 230 232
127 128 140 237 235 213
127 140 139 256 232 234
128 129 141 239 237 215
128 141 140 258 234 236
129 130 142 241 239 217
129 142 141 260 236 238
130 131 143 -1 241 219
130 143 142 262 238 240
132 133 145 245 243 221
132 145 144 264 -1 242
133 134 146 247 245 223
133 146 145 266 242 244
134 135 147 249 247 225
134 147 146 268 244 246
135 136 148 251 249 227
135 148 147 270 246 248
136 137 149 253 251 229
136 149 148 272 248 250
137 138 150 255 253 231
137 150 149 274 250 252
138 139 151 257 255 233
138 151 150 276 252 254
139 140 152 259 257 235
139 152 151 278 254 256
140 141 153 261 259 237
140 153 152 280 256 258
141 142 154 263 261 239
141 154 153 282 258 260
142 143 155 -1 263 241
142 155 154 284 260 262
144 145 157 267 265 243
144 157 156 286 -1 264
145 146 158 269 267 245
145 158 157 288 264 266
146 147 159 271 269 247
146 159 158 290 266 268
147 148 160 273 271 249
147 160 159 292 268 270
148 149 161 275 273 251
148 161 160 294 270 272
149 150 162 277 275 253
149 162 161 296 272 274
150 151 163 279 277 255
150 163 162 298 274 276
151 152 164 281 279 257
151 164 163 300 276 278
152 153 165 283 281 259
152 165 164 302 278 280
153 154 166 285 283 261
153 166 165 304 280 282
154 155 167 -1 285 263
154 167 166 306 282 284
156 157 169 289 287 265
156 169 168 308 -1 286
157 158 170 291 289 267
157 170 169 310 286 288
158 159 171 293 291 269
158 171 170 312 288 290
159 160 172 295 293 271
159 172 171 314 290 292
160 161 173 297 295 273
160 173 172 316 292 294
161 162 174 299 297 275
161 174 173 318 294 296
162 163 175 301 299 277
162 175 174 320 296 298
163 164 176 303 301 279
163 176 175 322 298 300
164 165 177 305 303 281
164 177 176 324 300 302
165 166 178 307 305 283
165 178 177 326 302 304
166 167 179 -1 307 285
166 179 178 328 304 306
168 169 181 311 309 287
168 181 180 -1 -1 308
169 170 182 313 311 289
169 182 181 -1 308 310
170 171 183 315 313 291
170 183 182 -1 310 312
171 172 184 317 315 293
171 184 183 -1 312 314
172 173 185 319 317 295
172 185 184 -1 314 316
173 174 186 321 319 297
173 186 185 -1 316 318
174 175 187 323 321 299
174 187 186 -1 318 320
175 176 188 325 323 301
175 188 187 -1 320 322
176 177 189 327 325 303
176 189 188 -1 322 324
177 178 190 329 327 305
177 190 189 -1 324 326
178 179 191 -1 329 307
178 191 190 -1 326 328
